recv_stamp,msg_stamp
1588362894189941429,1588362894185874061
1588362894290363036,1588362894286213250
1588362894390150037,1588362894386128693
1588362894490317897,1588362894486083038
1588362894590037847,1588362894586035331
1588362894690101253,1588362894685941580
1588362894790038825,1588362894786018683
1588362894889922584,1588362894885938799
1588362894989856127,1588362894985740734
1588362895089949418,1588362895085743773
1588362895190239432,1588362895185944051
1588362895290136275,1588362895286021620
1588362895389783608,1588362895385861577
1588362895489854076,1588362895485770531
1588362895590112731,1588362895585992558
1588362895690111811,1588362895685945855
1588362895789842794,1588362895786029941
1588362895890033432,1588362895885830698
1588362895990034806,1588362895985859250
1588362896090086319,1588362896085998301
1588362896190009902,1588362896186059689
1588362896290195923,1588362896286038511
1588362896390173588,1588362896386096730
1588362896490239062,1588362896486176640
1588362896590149404,1588362896586044648
1588362896690113204,1588362896685914414
1588362896790803237,1588362896786096288
1588362896890462916,1588362896885833108
1588362896990593447,1588362896985801242
1588362897090284540,1588362897085913029
1588362897190186911,1588362897185879067
1588362897290311287,1588362897285880732
1588362897390018960,1588362897385846434
1588362897489892500,1588362897485840094
1588362897590547398,1588362897585849065
1588362897690674240,1588362897686147215
1588362897790713604,1588362897786221568
1588362897890704030,1588362897886104779
1588362897990895589,1588362897986146333
1588362898090813203,1588362898086142730
1588362898190827881,1588362898186083610
1588362898290795785,1588362898286104828
1588362898390414691,1588362898386036520
1588362898490427714,1588362898486042841
1588362898590267372,1588362898585781885
1588362898690295540,1588362898685715050
1588362898790385886,1588362898785652483
1588362898890261724,1588362898885659205
1588362898990224491,1588362898985714182
1588362899090222992,1588362899085674564
1588362899190456212,1588362899186016308
1588362899290151772,1588362899285998842
1588362899390069626,1588362899386035381
1588362899490614375,1588362899486026249
1588362899590502231,1588362899586016343
1588362899690722881,1588362899686033902
1588362899790041245,1588362899785612095
1588362899890161680,1588362899885708450
1588362899990157691,1588362899985607673
1588362900090082897,1588362900085524470
1588362900190214680,1588362900185493229
1588362900290254967,1588362900285515563
1588362900390106391,1588362900385551003
1588362900490226805,1588362900485583871
1588362900590305221,1588362900585587800
1588362900690180594,1588362900685563180
1588362900790253058,1588362900785380891
1588362900890023757,1588362900885495764
1588362900990082509,1588362900985562486
1588362901090185502,1588362901085702467
1588362901190523165,1588362901186022452
1588362901290400073,1588362901285834980
1588362901391224164,1588362901386126233
1588362901490629115,1588362901486017625
1588362901590532757,1588362901585844211
1588362901690407786,1588362901685874755
1588362901790604052,1588362901785675281
1588362901890140403,1588362901885677084
1588362901990457495,1588362901985889794
1588362902090536034,1588362902085868435
1588362902190561288,1588362902186017016
1588362902290515132,1588362902285924484
1588362902390617241,1588362902386143337
1588362902490459220,1588362902486029273
1588362902590097335,1588362902585624157
1588362902689997298,1588362902685321508
1588362902790151060,1588362902785377898
1588362902890068833,1588362902885355180
1588362902989919115,1588362902985346849
1588362903089743197,1588362903085272960
1588362903190046594,1588362903185505055
1588362903290148421,1588362903285607080
1588362903390038886,1588362903385505944
1588362903490158304,1588362903485672623
1588362903590347542,1588362903585733828
1588362903690314067,1588362903685776049
1588362903790541429,1588362903785803378
1588362903890305584,1588362903885939687
1588362903990150459,1588362903985676179
1588362904089880511,1588362904085340146
1588362904189783798,1588362904185256113
1588362904289793714,1588362904285313559
1588362904389855494,1588362904385400602
1588362904490093212,1588362904485529026
1588362904590530147,1588362904585695134
1588362904690623394,1588362904685945529
1588362904790539508,1588362904786010976
1588362904890291758,1588362904885759062
1588362904990094752,1588362904985565377
1588362905089758169,1588362905085255440
1588362905189601344,1588362905185098588
1588362905289530872,1588362905285060330
1588362905389628379,1588362905385028897
1588362905489406720,1588362905485024393
1588362905589460432,1588362905585055645
1588362905689587132,1588362905685089370
1588362905789815007,1588362905785301159
1588362905889751683,1588362905885231540
1588362905989716937,1588362905985250232
1588362906089846940,1588362906085323927
1588362906189910516,1588362906185441627
1588362906289581000,1588362906285142705
1588362906389653301,1588362906385150077
1588362906489912026,1588362906485418199
1588362906590040650,1588362906585583757
1588362906690223433,1588362906685697696
1588362906790537990,1588362906785693665
1588362906890103765,1588362906885631936
1588362906989945735,1588362906985492970
1588362907090286778,1588362907085468904
1588362907189906801,1588362907185324944
1588362907290003579,1588362907285340319
1588362907389844615,1588362907385337823
1588362907489767440,1588362907485309728
1588362907589815883,1588362907585334628
1588362907689776616,1588362907685245153
1588362907790034741,1588362907785300079
1588362907890070747,1588362907885471169
1588362907990459264,1588362907985551624
1588362908090506661,1588362908085579234
1588362908190091221,1588362908185577039
1588362908290021399,1588362908285540502
1588362908390024549,1588362908385471506
1588362908490010928,1588362908485348004
1588362908589629162,1588362908585077381
1588362908689664755,1588362908685097478
1588362908789601650,1588362908785106521
1588362908889799995,1588362908885217087
1588362908989865737,1588362908985239961
1588362909089908498,1588362909085164552
1588362909189878294,1588362909185340069
1588362909290120367,1588362909285190621
1588362909389881968,1588362909385110879
1588362909489693818,1588362909485110780
1588362909589638569,1588362909585044950
1588362909689574614,1588362909685072509
1588362909789591948,1588362909785086177
1588362909889474687,1588362909885102620
1588362909989528890,1588362909985079665
1588362910089948567,1588362910085221218
1588362910189575161,1588362910185046908
1588362910289604475,1588362910285115078
1588362910389656238,1588362910385129352
1588362910489567373,1588362910485081793
1588362910589990511,1588362910585098364
1588362910689933442,1588362910685339520
1588362910790009111,1588362910785349353
1588362910889797633,1588362910885156922
1588362910989538001,1588362910985061891
1588362911089572282,1588362911085100318
1588362911189862191,1588362911185201492
1588362911289832143,1588362911285149954
1588362911389630797,1588362911384894780
1588362911489571203,1588362911485126272
1588362911589723411,1588362911585113433
1588362911689627868,1588362911685094102
1588362911789640890,1588362911785120678
1588362911889743955,1588362911885206150
1588362911989922108,1588362911985191482
1588362912089761160,1588362912085094217
1588362912189867554,1588362912185240321
1588362912289755271,1588362912285014887
1588362912389713967,1588362912385014938
1588362912489734311,1588362912485072068
1588362912589515631,1588362912585070511
1588362912689663093,1588362912685283510
1588362912790262655,1588362912785598632
1588362912890167291,1588362912885684062
1588362912990248929,1588362912985553462
1588362913090137045,1588362913085716338
1588362913190162301,1588362913185708852
1588362913290079830,1588362913285641577
1588362913390063164,1588362913385453446
1588362913489592426,1588362913485144983
1588362913589494804,1588362913585093926
1588362913689762358,1588362913685218381
1588362913789503616,1588362913785097548
1588362913889908257,1588362913885188332
1588362913990004605,1588362913985343681
1588362914089820978,1588362914085363999
1588362914190009872,1588362914185342484
1588362914289626051,1588362914285132796
1588362914389531764,1588362914385022321
1588362914489648515,1588362914485144424
1588362914589416705,1588362914584901069
1588362914689785472,1588362914684892419
1588362914789293959,1588362914784820467
1588362914889400270,1588362914884884760
1588362914989519709,1588362914984869594
1588362915089543618,1588362915085041164
1588362915189472114,1588362915185037522
1588362915289445988,1588362915284994197
1588362915389401849,1588362915385030490
1588362915489683990,1588362915485035631
1588362915589601397,1588362915585077341
1588362915689620762,1588362915685038896
1588362915789802592,1588362915785212136
1588362915889629703,1588362915885136394
1588362915989874132,1588362915985205079
1588362916089668593,1588362916085065073
1588362916189433857,1588362916185026140
1588362916289471417,1588362916285040442
1588362916389562576,1588362916384903044
1588362916489229459,1588362916484744229
1588362916589444029,1588362916585048048
1588362916689489829,1588362916685037414
1588362916790004863,1588362916784996843
1588362916889780036,1588362916885109135
1588362916989695369,1588362916985176293
1588362917089502037,1588362917085056606
1588362917189519363,1588362917185029159
1588362917289530844,1588362917284914571
1588362917389580157,1588362917385026512
1588362917489483839,1588362917485033776
1588362917589653455,1588362917584913748
1588362917689474352,1588362917684858171
1588362917789638973,1588362917785142180
1588362917889764959,1588362917885253751
1588362917989497544,1588362917985014376
1588362918089833551,1588362918085007223
1588362918189509948,1588362918184867246
1588362918289708290,1588362918285050209
1588362918389416786,1588362918384914513
1588362918489670579,1588362918485143543
1588362918589674961,1588362918585200636
1588362918689786854,1588362918685094639
1588362918789825747,1588362918785183875
1588362918890050505,1588362918885280965
1588362918989772152,1588362918985275602
1588362919089926459,1588362919085275350
1588362919189908169,1588362919185181971
1588362919289790304,1588362919285095126
1588362919389602209,1588362919385021863
1588362919489419529,1588362919484913679
1588362919589405201,1588362919585049911
1588362919689399235,1588362919685028628
1588362919789225965,1588362919784839513
1588362919889741724,1588362919885075254
1588362919989726736,1588362919985135713
1588362920089657691,1588362920085032836
1588362920189501893,1588362920185009259
1588362920289855976,1588362920285111777
1588362920389742564,1588362920385147337
1588362920489871211,1588362920485418395
1588362920589756765,1588362920585235477
1588362920689756853,1588362920685103492
1588362920789530617,1588362920785028324
1588362920889670427,1588362920885151627
1588362920989494297,1588362920984896158
1588362921089490139,1588362921085013654
1588362921189565862,1588362921184936814
1588362921289374589,1588362921284877760
1588362921389487687,1588362921385060571
1588362921489207430,1588362921484682673
1588362921589385396,1588362921584910657
1588362921689315189,1588362921684810727
1588362921789455830,1588362921785045718
1588362921889853977,1588362921885012305
1588362921989613073,1588362921985105810
1588362922089668560,1588362922085049220
1588362922189854879,1588362922185080086
1588362922289805252,1588362922285213098
1588362922389798809,1588362922385224441
1588362922489418812,1588362922485033517
1588362922589607909,1588362922585047309
1588362922689533220,1588362922684900884
1588362922789715681,1588362922784917056
1588362922889714598,1588362922885020099
1588362922989512921,1588362922984917185
1588362923089616217,1588362923085120265
1588362923189918164,1588362923184990525
1588362923289701578,1588362923285036918
1588362923389510548,1588362923384889350
1588362923489519932,1588362923485011057
1588362923589237592,1588362923584728124
1588362923689388093,1588362923684683159
1588362923789417942,1588362923784686617
1588362923889250439,1588362923884713642
1588362923989138451,1588362923984640029
1588362924089390533,1588362924084923838
1588362924189504218,1588362924185030047
1588362924289685453,1588362924285147660
1588362924389735385,1588362924385182313
1588362924489859976,1588362924485196585
1588362924589724366,1588362924585155315
1588362924689711160,1588362924685213544
1588362924789705770,1588362924785047848
1588362924889617103,1588362924885023793
1588362924989703049,1588362924985123853
1588362925089475035,1588362925084999147
1588362925189501920,1588362925185022998
1588362925289915171,1588362925285292282
1588362925389557289,1588362925385115850
1588362925489854034,1588362925485367459
1588362925589978862,1588362925585456819
1588362925690002611,1588362925685473760
1588362925790089721,1588362925785469437
1588362925890004934,1588362925885261115
1588362925989697618,1588362925985179543
1588362926089944309,1588362926085115366
1588362926189649560,1588362926185206340
1588362926289810159,1588362926285125480
1588362926389713732,1588362926385042847
1588362926489700620,1588362926485017334
1588362926589487940,1588362926585036412
1588362926689395732,1588362926684814208
1588362926789599496,1588362926784849259
1588362926889538166,1588362926885022699
1588362926989596444,1588362926985078146
1588362927089548763,1588362927085035937
1588362927189588624,1588362927185099433
1588362927289887823,1588362927285188508
1588362927389796452,1588362927385184753
1588362927489435206,1588362927485095460
1588362927589673194,1588362927585208629
1588362927689567324,1588362927685103567
1588362927789804750,1588362927785377328
1588362927890016157,1588362927885526951
1588362927990179575,1588362927985741089
1588362928090059967,1588362928085607135
1588362928190001425,1588362928185497099
1588362928289666146,1588362928285155326
1588362928389603020,1588362928385017940
1588362928489401890,1588362928484888372
1588362928589199174,1588362928584655382
1588362928689088249,1588362928684429334
1588362928789221637,1588362928784632640
1588362928889613243,1588362928884697621
1588362928989558853,1588362928985146636
1588362929089705652,1588362929085150841
1588362929189747793,1588362929185201836
1588362929289927165,1588362929285355415
1588362929389872554,1588362929385348710
1588362929489837896,1588362929485200344
1588362929589509491,1588362929585120445
1588362929689664494,1588362929685192182
1588362929790055716,1588362929785281243
1588362929889564839,1588362929885072211
1588362929989848238,1588362929985103305
1588362930089825177,1588362930085320349
1588362930189806248,1588362930185111294
1588362930289596125,1588362930285162621
1588362930390012544,1588362930385297740
1588362930490068190,1588362930485504514
1588362930590232923,1588362930585501812
1588362930690050983,1588362930685318200
1588362930789937228,1588362930785384847
1588362930889780205,1588362930885152095
1588362930989455469,1588362930985009897
1588362931089686220,1588362931085201247
1588362931189795841,1588362931185128120
1588362931289571426,1588362931285098575
1588362931389724547,1588362931385110508
1588362931489399970,1588362931484913514
1588362931589921906,1588362931585240119
1588362931689575286,1588362931685079622
1588362931789689429,1588362931785207992
1588362931889521002,1588362931885067462
1588362931990097035,1588362931985356590
1588362932089854043,1588362932085354611
1588362932189586309,1588362932185096408
1588362932289618408,1588362932285136318
1588362932389649757,1588362932385146027
1588362932489579256,1588362932485138293
1588362932589696879,1588362932585247962
1588362932689618698,1588362932685101107
1588362932789700758,1588362932785180845
1588362932890000308,1588362932885261418
1588362932989848177,1588362932985370411
1588362933089620733,1588362933085188943
1588362933189873093,1588362933185270252
1588362933295179275,1588362933290675916
1588362933390076019,1588362933385464378
1588362933490027583,1588362933485358402
1588362933589545211,1588362933585059285
1588362933689673161,1588362933685022832
1588362933789738183,1588362933785014319
1588362933889571512,1588362933884899804
1588362933989939413,1588362933985308029
1588362934089819141,1588362934085278553
1588362934190302755,1588362934185686443
1588362934290321235,1588362934285827628
1588362934390411921,1588362934386036858
1588362934490620297,1588362934486000498
1588362934590454282,1588362934586021875
1588362934690459205,1588362934686019694
1588362934790487420,1588362934785999157
1588362934890337713,1588362934885740059
1588362934990154092,1588362934985714051
1588362935089940886,1588362935085341495
1588362935189523622,1588362935185070796
1588362935289417575,1588362935284911467
1588362935389749046,1588362935385074644
1588362935489654258,1588362935485006563
1588362935589477488,1588362935585095607
1588362935689452593,1588362935684994321
1588362935789638613,1588362935785123288
1588362935890005440,1588362935885281907
1588362935989775477,1588362935985285390
1588362936089867037,1588362936085432670
1588362936190033162,1588362936185443919
1588362936289885814,1588362936285366151
1588362936390064646,1588362936385484869
1588362936489980967,1588362936485490704
1588362936589903775,1588362936585278624
1588362936689862187,1588362936685273430
1588362936789900996,1588362936785302944
1588362936890072895,1588362936885296555
1588362936989849454,1588362936985163989
1588362937089891376,1588362937085353215
1588362937189772873,1588362937185294808
1588362937290079917,1588362937285377958
1588362937389862119,1588362937385139875
1588362937489627229,1588362937485178506
1588362937589910450,1588362937585190454
1588362937689738131,1588362937685172388
1588362937789568938,1588362937785104033
1588362937890069508,1588362937885368358
1588362937989644050,1588362937985135777
1588362938089602038,1588362938085143581
1588362938189677532,1588362938185144394
1588362938289998119,1588362938285446533
1588362938390004150,1588362938385464261
1588362938490365627,1588362938485509276
1588362938589939654,1588362938585477938
1588362938689887033,1588362938685188626
1588362938789864820,1588362938785387611
1588362938889896338,1588362938885479567
1588362938990200590,1588362938985514906
1588362939090227769,1588362939085726080
1588362939190182002,1588362939185810270
1588362939290496072,1588362939285826920
1588362939390442240,1588362939385817117
1588362939490137622,1588362939485698438
1588362939590095686,1588362939585574506
1588362939690243188,1588362939685644744
1588362939789760777,1588362939785250193
1588362939889908897,1588362939885226944
1588362939989945711,1588362939985179706
1588362940090198069,1588362940085113721
1588362940189795068,1588362940185146849
1588362940289800747,1588362940285200533
1588362940389991678,1588362940385488476
1588362940490128131,1588362940485504528
1588362940590088736,1588362940585499520
1588362940690185367,1588362940685488026
1588362940789901621,1588362940785181106
1588362940889775662,1588362940885161008
1588362940989528521,1588362940985047613
1588362941089744262,1588362941085030832
1588362941189615836,1588362941185110415
1588362941289709195,1588362941285179368
1588362941389853627,1588362941385282948
1588362941489896624,1588362941485431599
1588362941590297398,1588362941585860438
1588362941690322811,1588362941685921633
1588362941790350808,1588362941785734254
1588362941890020840,1588362941885574676
1588362941989839872,1588362941985400934
1588362942089774769,1588362942085278815
1588362942189704641,1588362942185176107
1588362942290030661,1588362942285043138
1588362942389775310,1588362942385067789
1588362942489751526,1588362942485072969
1588362942589558472,1588362942585057018
1588362942689817986,1588362942685105441
1588362942789829628,1588362942785336556
1588362942890025556,1588362942885440776
1588362942990157037,1588362942985577082
1588362943090433626,1588362943085724156
1588362943190505751,1588362943185770126
1588362943290174114,1588362943285587758
1588362943390071804,1588362943385514298
1588362943489901361,1588362943485437465
1588362943589987027,1588362943585333217
1588362943690165623,1588362943685540799
1588362943790068740,1588362943785573325
1588362943890250248,1588362943885575207
1588362943990532150,1588362943985862601
1588362944090677753,1588362944085997627
1588362944190852671,1588362944186002091
1588362944290373490,1588362944285896228
1588362944390096718,1588362944385613820
1588362944489899731,1588362944485467782
1588362944589867828,1588362944585328930
1588362944689849303,1588362944685191148
1588362944789991654,1588362944785318734
1588362944890107316,1588362944885366589
1588362944990142191,1588362944985464512
1588362945090043873,1588362945085522106
1588362945190106808,1588362945185595603
1588362945290083308,1588362945285661458
1588362945390289489,1588362945385718630
1588362945490190347,1588362945485736653
1588362945590172579,1588362945585716770
1588362945690197759,1588362945685677995
1588362945790237542,1588362945785709815
1588362945890229120,1588362945885659948
1588362945990332496,1588362945985685206
1588362946090315013,1588362946085581777
1588362946190165433,1588362946185470967
1588362946289990842,1588362946285290628
1588362946389764800,1588362946385194155
1588362946490233114,1588362946485143043
1588362946589706249,1588362946585106349
1588362946689697137,1588362946685029429
1588362946789676509,1588362946784939482
1588362946889523222,1588362946884919508
1588362946989287516,1588362946984873342
1588362947089500147,1588362947084789504
1588362947189439513,1588362947184765061
1588362947289427751,1588362947284852800
1588362947389436002,1588362947384861399
1588362947489448257,1588362947484937233
1588362947589858503,1588362947585039199
1588362947689813383,1588362947685099114
1588362947789867533,1588362947785136898
1588362947889741429,1588362947885194544
1588362947989722966,1588362947985193620
1588362948089624517,1588362948085127523
1588362948189615994,1588362948185148737
1588362948289835975,1588362948285053610
1588362948389525708,1588362948385061994
1588362948489726859,1588362948485020936
1588362948589767709,1588362948585074422
1588362948689775932,1588362948685087687
1588362948790070664,1588362948785100551
1588362948890216302,1588362948885150009
1588362948989863610,1588362948985308679
1588362949089599703,1588362949085115431
1588362949189522492,1588362949185105894
1588362949289502093,1588362949285102748
1588362949389818802,1588362949385046560
1588362949489626063,1588362949484938892
1588362949589672850,1588362949584753166
1588362949689433881,1588362949684719402
1588362949789180133,1588362949784667178
1588362949889041480,1588362949884563559
1588362949989508716,1588362949984811215
1588362950089079743,1588362950084600819
1588362950189308681,1588362950184821022
1588362950289414494,1588362950284900482
1588362950389373135,1588362950384902132
1588362950489582602,1588362950485027130
1588362950589361508,1588362950585005392
1588362950689884265,1588362950684946383
1588362950789555332,1588362950784903467
1588362950889644605,1588362950884994057
1588362950989664251,1588362950985029156
1588362951089511416,1588362951085113504
1588362951189611418,1588362951185116400
1588362951289673056,1588362951285147710
1588362951389641913,1588362951385080446
1588362951489649631,1588362951484996259
1588362951589583236,1588362951584903836
1588362951689456720,1588362951685029241
1588362951789345682,1588362951784900337
1588362951889621204,1588362951884914508
1588362951989333766,1588362951984812986
1588362952089305779,1588362952084831364
1588362952189247453,1588362952184837178
1588362952289319413,1588362952284864496
1588362952389350480,1588362952384871309
1588362952489557275,1588362952485001986
1588362952589256721,1588362952584883531
1588362952689549830,1588362952684916206
1588362952789363692,1588362952784888978
1588362952889717211,1588362952885129594
1588362952989873858,1588362952985241995
1588362953090006657,1588362953085292154
1588362953190063772,1588362953185252706
1588362953289765497,1588362953285053612
1588362953389388025,1588362953384900409
1588362953489282920,1588362953484877471
1588362953589769489,1588362953585146274
1588362953689529306,1588362953685092407
1588362953789703793,1588362953785154796
1588362953889757948,1588362953885084923
1588362953989552891,1588362953985030433
1588362954089458425,1588362954085043416
1588362954189597427,1588362954185093825
1588362954289419991,1588362954285011841
1588362954389425688,1588362954385006376
1588362954489445586,1588362954485011118
1588362954589508284,1588362954585032833
1588362954689580374,1588362954685100350
1588362954789599176,1588362954785075228
1588362954889592919,1588362954885036864
1588362954989679988,1588362954985023477
1588362955089435327,1588362955085013602
1588362955189689127,1588362955185016144
1588362955289517758,1588362955285004447
1588362955389271108,1588362955384864962
1588362955489238763,1588362955484850260
1588362955589274634,1588362955584821495
1588362955689240567,1588362955684880202
1588362955789728837,1588362955785135145
1588362955889679849,1588362955885231616
1588362955989670418,1588362955985193407
1588362956089585952,1588362956084890641
1588362956189636495,1588362956185015426
1588362956289433359,1588362956284717194
1588362956389103730,1588362956384624705
1588362956489392817,1588362956484618472
1588362956589121885,1588362956584662318
1588362956689418248,1588362956684810002
1588362956789591025,1588362956784888830
1588362956889861617,1588362956885189648
1588362956989880143,1588362956985340853
1588362957089988464,1588362957085358563
1588362957189769950,1588362957185175050
1588362957289755000,1588362957285214132
1588362957389483431,1588362957385024331
1588362957489515480,1588362957484940420
1588362957589653428,1588362957585009465
1588362957689762546,1588362957685009774
1588362957789609228,1588362957785009421
1588362957889304577,1588362957884794532
1588362957989577399,1588362957984900383
1588362958089535520,1588362958085011390
1588362958189574068,1588362958185080608
1588362958289862065,1588362958285109058
1588362958389700614,1588362958385192909
1588362958489643143,1588362958485125917
1588362958589703411,1588362958585156162
1588362958689746783,1588362958685136452
1588362958789692540,1588362958785175370
1588362958890030835,1588362958885203644
1588362958989902980,1588362958985161532
1588362959089865396,1588362959085207777
1588362959189680178,1588362959185188028
1588362959289625257,1588362959285111602
1588362959389744690,1588362959385126536
1588362959489696616,1588362959485180149
1588362959589632045,1588362959585092512
1588362959689739491,1588362959685021422
1588362959789488748,1588362959784936170
1588362959889510185,1588362959884914301
1588362959989425273,1588362959984940239
1588362960089541354,1588362960085054841
1588362960189602005,1588362960185166467
1588362960289974509,1588362960285432771
1588362960389871175,1588362960385422302
1588362960489979484,1588362960485350391
1588362960589737022,1588362960585309265
1588362960690243117,1588362960685617205
1588362960790096315,1588362960785590986
1588362960890104089,1588362960885649637
1588362960990274418,1588362960985612587
1588362961089893805,1588362961085462702
1588362961189830947,1588362961185182469
1588362961289575306,1588362961285006820
1588362961389421851,1588362961385022418
1588362961489074403,1588362961484683853
1588362961589467551,1588362961584733234
1588362961689300619,1588362961684812190
1588362961789740979,1588362961785195343
1588362961890071937,1588362961885460452
1588362961990391444,1588362961985655117
1588362962090531380,1588362962085791614
1588362962190070165,1588362962185550837
1588362962290027335,1588362962285432757
1588362962389834723,1588362962385155179
1588362962489584440,1588362962485080466
1588362962589651013,1588362962585033074
1588362962689595442,1588362962685147967
1588362962789746506,1588362962785028646
1588362962889742202,1588362962885096750
1588362962989746748,1588362962985211813
1588362963089865290,1588362963085188136
1588362963189842079,1588362963185182520
1588362963289809441,1588362963285175460
1588362963389549200,1588362963385109193
1588362963489806778,1588362963485114010
1588362963589695608,1588362963585106205
1588362963689661868,1588362963685086245
1588362963789793251,1588362963785166364
1588362963889631399,1588362963885142835
1588362963989943582,1588362963985376549
1588362964090062777,1588362964085512561
1588362964190466023,1588362964185651914
1588362964289817756,1588362964285344284
1588362964390245028,1588362964385510658
1588362964490152644,1588362964485540268
1588362964589807014,1588362964585315402
1588362964689909942,1588362964685335198
1588362964789930308,1588362964785324648
1588362964890080864,1588362964885282164
1588362964990055257,1588362964985543281
1588362965090375450,1588362965085658070
1588362965190283021,1588362965185763925
1588362965291093000,1588362965285950183
1588362965390147551,1588362965385739854
1588362965490351916,1588362965485669571
1588362965590244716,1588362965585518062
1588362965689932227,1588362965685341020
1588362965789547788,1588362965785121652
1588362965889426256,1588362965885110725
1588362965989823868,1588362965985144348
1588362966089828981,1588362966085342648
1588362966190077105,1588362966185503308
1588362966290047643,1588362966285614459
1588362966390580745,1588362966385624001
1588362966490152831,1588362966485499166
1588362966589607795,1588362966585124146
1588362966689465073,1588362966685021072
1588362966789393638,1588362966784919229
1588362966889458243,1588362966884925943
1588362966989806598,1588362966985066767
1588362967089878048,1588362967085136047
1588362967190045040,1588362967185544050
1588362967290421241,1588362967285790523
1588362967390794647,1588362967386134388
1588362967490374977,1588362967486009509
1588362967590433301,1588362967586041134
1588362967690228610,1588362967685604265
1588362967789555605,1588362967785121576
1588362967889580377,1588362967885016300
1588362967989538275,1588362967985036997
1588362968089899148,1588362968085005858
1588362968189603047,1588362968184848728
1588362968289498585,1588362968285023062
1588362968389683495,1588362968385003954
1588362968489753991,1588362968485015596
1588362968589486000,1588362968585037388
1588362968689713872,1588362968685093978
1588362968790016076,1588362968785096203
1588362968889588504,1588362968885118699
1588362968989904329,1588362968985177637
1588362969089854791,1588362969085325778
1588362969189869591,1588362969185459209
1588362969290227193,1588362969285473423
1588362969390036429,1588362969385328729
1588362969489856520,1588362969485358328
1588362969589581076,1588362969585017450
1588362969690070442,1588362969685129658
1588362969789637995,1588362969785008904
1588362969889604636,1588362969885108444
1588362969989919327,1588362969985156840
1588362970090278206,1588362970085431735
1588362970190129904,1588362970185555170
1588362970290273406,1588362970285637043
1588362970390154806,1588362970385579080
1588362970489820599,1588362970485280788
1588362970589588749,1588362970585135290
1588362970689654337,1588362970685185400
1588362970789698197,1588362970785004839
1588362970889654514,1588362970884875451
1588362970989664443,1588362970985020339
1588362971089745615,1588362971085028715
1588362971189396489,1588362971185039694
1588362971289676165,1588362971285254748
1588362971389758952,1588362971385097502
1588362971489826804,1588362971485162742
1588362971589672539,1588362971585033446
1588362971689784514,1588362971685088553
1588362971789536684,1588362971785173519
1588362971889679386,1588362971885146681
1588362971989608523,1588362971985122985
1588362972089639513,1588362972085161361
1588362972189544672,1588362972185026317
1588362972289635611,1588362972285017250
1588362972389591981,1588362972385027872
1588362972489585206,1588362972485003954
1588362972589513627,1588362972585035069
1588362972689411673,1588362972685013477
1588362972789644319,1588362972785007852
1588362972889475022,1588362972885018615
1588362972989432578,1588362972984846382
1588362973089357666,1588362973084821779
1588362973189455973,1588362973184848715
1588362973289498030,1588362973285036019
1588362973389772886,1588362973385322639
1588362973490269997,1588362973485605043
1588362973590209412,1588362973585747245
1588362973690144440,1588362973685702136
1588362973789976630,1588362973785479092
1588362973889661990,1588362973885075048
1588362973989443372,1588362973985036273
1588362974089411936,1588362974084833686
1588362974189599318,1588362974185016421
1588362974289579319,1588362974284890714
1588362974389385848,1588362974385037954
1588362974489578816,1588362974485028388
1588362974589657387,1588362974585036917
1588362974689575106,1588362974685026283
1588362974789832137,1588362974785145019
1588362974889345679,1588362974884839025
1588362974989387050,1588362974985041156
1588362975089425609,1588362975085030186
1588362975189551308,1588362975185036308
1588362975289672508,1588362975285021599
1588362975389772143,1588362975385109281
1588362975489596870,1588362975485108484
1588362975589839854,1588362975585143204
1588362975689672871,1588362975685111787
1588362975789521675,1588362975785090987
1588362975889496581,1588362975885028048
1588362975989349922,1588362975984900816
1588362976089660592,1588362976084998453
1588362976189419818,1588362976185027994
1588362976289598048,1588362976285090649
1588362976389638622,1588362976385022516
1588362976489749568,1588362976485086562
1588362976589588550,1588362976585092450
1588362976689640955,1588362976685014178
1588362976789495993,1588362976785123680
1588362976889504825,1588362976884846605
1588362976989533229,1588362976984832701
1588362977089539718,1588362977084855873
1588362977189703573,1588362977185178472
1588362977289415991,1588362977285041442
1588362977389939089,1588362977385097553
1588362977489507611,1588362977485098167
1588362977589882385,1588362977585113925
1588362977689490480,1588362977685037342
1588362977789650518,1588362977785001810
1588362977889610863,1588362977885053576
1588362977989393085,1588362977984926374
1588362978089220531,1588362978084749868
1588362978189271028,1588362978184746056
1588362978289382804,1588362978285005433
1588362978389469138,1588362978384825545
1588362978489574525,1588362978485003963
1588362978589632362,1588362978585187662
1588362978689749047,1588362978685111813
1588362978789801910,1588362978785155657
1588362978889819606,1588362978885204867
1588362978989707235,1588362978985212407
1588362979089528648,1588362979084849996
1588362979189457705,1588362979185005423
1588362979289451257,1588362979285007409
1588362979389545842,1588362979384939466
1588362979489451326,1588362979485032895
1588362979589271591,1588362979584831232
1588362979689369281,1588362979684857177
1588362979789432319,1588362979784893872
1588362979889499662,1588362979885027920
1588362979989741202,1588362979985069758
1588362980089609505,1588362980085062270
1588362980189583290,1588362980185051839
1588362980289675118,1588362980285164347
1588362980389606880,1588362980385063612
1588362980489553333,1588362980485057920
1588362980589875434,1588362980585082393
1588362980689737251,1588362980685030479
1588362980789636447,1588362980785029952
1588362980889406639,1588362980885018209
1588362980989781760,1588362980985024103
1588362981089569560,1588362981085069626
1588362981189725508,1588362981185202994
1588362981289633744,1588362981285114218
1588362981389568093,1588362981385113850
1588362981489700853,1588362981485216528
1588362981589688379,1588362981585103835
1588362981689479399,1588362981685011042
1588362981789487689,1588362981785022263
1588362981890322016,1588362981885202503
1588362981989537669,1588362981985010280
1588362982089665307,1588362982085087952
1588362982189785689,1588362982185037201
1588362982289740879,1588362982285140866
1588362982389285432,1588362982384835097
1588362982489838662,1588362982485002031
1588362982589192205,1588362982584704168
1588362982689559919,1588362982684802000
1588362982789694275,1588362982784939225
1588362982889845439,1588362982885008843
1588362982989708642,1588362982985197869
1588362983089748512,1588362983085130441
1588362983189905353,1588362983185194902
1588362983289658080,1588362983285108420
1588362983389814481,1588362983385094078
1588362983489588848,1588362983485018624
1588362983589499790,1588362983585014211
1588362983689768154,1588362983685037192
1588362983789356333,1588362983785016109
1588362983889690806,1588362983885011453
1588362983989771482,1588362983985035511
1588362984089451219,1588362984084742436
1588362984189126524,1588362984184633969
1588362984289103228,1588362984284605531
1588362984389095315,1588362984384626210
1588362984489459949,1588362984485002340
1588362984589673118,1588362984585010218
1588362984689757803,1588362984685110279
1588362984789768069,1588362984785101296
1588362984889799898,1588362984885101825
1588362984989808775,1588362984985211223
1588362985089649710,1588362985085195780
1588362985190161927,1588362985185213321
1588362985289515005,1588362985285064787
1588362985389864989,1588362985385209969
1588362985489431066,1588362985485068846
1588362985589827532,1588362985585147831
1588362985689617998,1588362985685137338
1588362985789489988,1588362985785072741
1588362985889538739,1588362985885008029
1588362985989598907,1588362985984860440
1588362986089536386,1588362986085004953
1588362986189250539,1588362986184861800
1588362986289691487,1588362986285018613
1588362986389716165,1588362986385026496
1588362986489680854,1588362986485016429
1588362986589425688,1588362986584996386
1588362986689466484,1588362986684989847
1588362986789516851,1588362986785035038
1588362986889630003,1588362986885146773
1588362986989639638,1588362986985156741
1588362987089994466,1588362987085186970
1588362987189670974,1588362987185079369
1588362987289705590,1588362987285016583
1588362987389337946,1588362987384887304
1588362987489344260,1588362987484832541
1588362987589409719,1588362987584945808
1588362987689581193,1588362987685048485
1588362987789721503,1588362987785249109
1588362987890662979,1588362987885508783
1588362987990048255,1588362987985343088
1588362988090029349,1588362988085279351
1588362988189661899,1588362988185159699
1588362988289758517,1588362988285320758
1588362988389649004,1588362988384989417
1588362988489507066,1588362988485063565
1588362988589990550,1588362988585056215
1588362988689811080,1588362988685019335
1588362988789575154,1588362988785105853
1588362988889606408,1588362988885177079
1588362988990025581,1588362988985366407
1588362989090244117,1588362989085474752
1588362989190126451,1588362989185703611
1588362989290401497,1588362989285795596
1588362989390122029,1588362989385669377
1588362989490198854,1588362989485614962
1588362989590051459,1588362989585553117
1588362989689932309,1588362989685500692
1588362989789763209,1588362989785269256
1588362989889731805,1588362989885187796
1588362989989468419,1588362989985090095
1588362990089682010,1588362990085137325
1588362990189653824,1588362990185067735
1588362990289674197,1588362990285209938
1588362990389683545,1588362990385030504
1588362990489624670,1588362990485040820
1588362990589624147,1588362990585183029
1588362990689622543,1588362990685125074
1588362990789749782,1588362990785293353
1588362990889999831,1588362990885275906
1588362990989923581,1588362990985457070
1588362991089788520,1588362991085319757
1588362991190125716,1588362991185510078
1588362991290083294,1588362991285526576
1588362991390428061,1588362991385602439
1588362991490278929,1588362991485612178
1588362991590081878,1588362991585606402
1588362991690143124,1588362991685546823
1588362991790077794,1588362991785452156
1588362991890268545,1588362991885480558
1588362991989745636,1588362991985078067
1588362992089983572,1588362992085011135
1588362992189481016,1588362992184855426
1588362992289650334,1588362992285009656
1588362992389382146,1588362992385032607
1588362992489454890,1588362992484985636
1588362992589488816,1588362992585067833
1588362992689879950,1588362992685116573
1588362992789800340,1588362992785333093
1588362992889945643,1588362992885332757
1588362992989751282,1588362992985136200
1588362993089871865,1588362993085109147
1588362993189926171,1588362993184932036
1588362993289598820,1588362993285009815
1588362993390077178,1588362993385060120
1588362993490416436,1588362993485076554
1588362993589473453,1588362993585094884
1588362993690143469,1588362993685310712
1588362993790163605,1588362993785484843
1588362993890348311,1588362993885577911
1588362993990026994,1588362993985526098
1588362994089795275,1588362994085332566
