recv_stamp,msg_stamp
1593252911173192318,1593252911149218912
1593252911289798006,1593252911249219360
1593252911367122110,1593252911349323892
1593252911482571200,1593252911449408315
1593252911585632677,1593252911549537452
1593252911683894819,1593252911649593040
1593252911783541161,1593252911749572022
1593252911885531780,1593252911849409792
1593252911985765552,1593252911949267741
1593252912078840402,1593252912049269665
1593252912184106194,1593252912148981556
1593252912281255326,1593252912248911013
1593252912386078559,1593252912348772828
1593252912488462733,1593252912448749236
1593252912571774411,1593252912548765108
1593252912681339609,1593252912648933470
1593252912785286306,1593252912748920679
1593252912881253040,1593252912848931524
1593252912981349573,1593252912948934732
1593252913081259744,1593252913048894691
1593252913181216325,1593252913148845398
1593252913274967007,1593252913248823129
1593252913381183507,1593252913348821716
1593252913483564160,1593252913448792094
1593252913576745578,1593252913548752205
1593252913679109677,1593252913648850497
1593252913781238192,1593252913748841059
1593252913878611885,1593252913848800511
1593252913981230070,1593252913948902776
1593252914083884580,1593252914048958679
1593252914175028709,1593252914149050610
1593252914281086208,1593252914249310796
1593252914375002519,1593252914349070754
1593252914483819215,1593252914449058813
1593252914577241326,1593252914548890209
1593252914681411168,1593252914648927010
1593252914774970262,1593252914748903406
1593252914881261260,1593252914848909605
1593252914981331876,1593252914948905281
1593252915075196008,1593252915048933946
1593252915181365998,1593252915149215554
1593252915281174373,1593252915249016330
1593252915384136056,1593252915349025908
1593252915481375964,1593252915449118181
1593252915581298921,1593252915548984128
1593252915681278367,1593252915648969227
1593252915781206619,1593252915748907768
1593252915881116956,1593252915848907427
1593252915981219655,1593252915948895562
1593252916081232490,1593252916048898357
1593252916181378567,1593252916148894997
1593252916283917753,1593252916248808436
1593252916381212474,1593252916348890160
1593252916460957550,1593252916448971362
1593252916583895363,1593252916548785038
1593252916681098619,1593252916648741391
1593252916781239387,1593252916748940452
1593252916881297929,1593252916849074810
1593252916981311750,1593252916949125835
1593252917084135041,1593252917049077601
1593252917178615620,1593252917148932850
1593252917281209497,1593252917248754514
1593252917381174238,1593252917348695761
1593252917482025118,1593252917448686507
1593252917581277007,1593252917548721907
1593252917681202373,1593252917648908326
1593252917783488667,1593252917748722331
1593252917875499612,1593252917848691104
1593252917979070004,1593252917948770510
1593252918081790527,1593252918048726525
1593252918178438709,1593252918148661799
1593252918278445884,1593252918248684836
1593252918380891136,1593252918348712650
1593252918480844432,1593252918448691544
1593252918581049031,1593252918548678251
1593252918681185887,1593252918648894116
1593252918781070963,1593252918748670214
1593252918881145269,1593252918848727558
1593252918981290987,1593252918948736903
1593252919081122291,1593252919048805161
1593252919181164008,1593252919148882824
1593252919279108794,1593252919248802271
1593252919381846160,1593252919348768132
1593252919481851388,1593252919448784544
1593252919579611854,1593252919548689549
1593252919674101961,1593252919648752959
1593252919779080597,1593252919748701459
1593252919879033269,1593252919848799834
1593252919979023713,1593252919948753920
1593252920081387735,1593252920048781399
1593252920181629235,1593252920148728399
1593252920281305304,1593252920248847263
1593252920381008861,1593252920348795111
1593252920481755917,1593252920448626633
1593252920575184383,1593252920548544251
1593252920677051515,1593252920648564078
1593252920777028096,1593252920748521886
1593252920880981458,1593252920848412541
1593252920981094129,1593252920948356920
1593252921081275196,1593252921048615080
1593252921181181266,1593252921148969546
1593252921281321082,1593252921248921667
1593252921381295299,1593252921348917074
1593252921481175902,1593252921448764565
1593252921581216922,1593252921548690867
1593252921681036855,1593252921648583043
1593252921781195562,1593252921748600741
1593252921881265274,1593252921848590870
1593252921981283800,1593252921948650026
1593252922081289597,1593252922048715839
1593252922181103328,1593252922148734106
1593252922283931696,1593252922248836186
1593252922382072113,1593252922348746333
1593252922481746319,1593252922448767200
1593252922583716666,1593252922548736524
1593252922679190232,1593252922648931530
1593252922779552429,1593252922748590225
1593252922881657176,1593252922848482497
1593252922978984832,1593252922948504572
1593252923084684602,1593252923048638401
1593252923175728866,1593252923148590569
1593252923281197877,1593252923248656765
1593252923384390568,1593252923348656170
1593252923481410626,1593252923448748588
1593252923574783388,1593252923548709945
1593252923681224113,1593252923648667852
1593252923774800496,1593252923748645390
1593252923878506179,1593252923848592838
1593252923983573798,1593252923948562190
1593252924081261375,1593252924048613220
1593252924178757433,1593252924148661983
1593252924281333174,1593252924248638537
1593252924381327089,1593252924348676294
1593252924481200993,1593252924448679714
1593252924581168450,1593252924548605707
1593252924681228147,1593252924648607487
1593252924783601713,1593252924748588956
1593252924881185361,1593252924848670846
1593252924981221463,1593252924948695088
1593252925078564017,1593252925048701457
1593252925181280022,1593252925148802150
1593252925281247896,1593252925248769608
1593252925381194435,1593252925348572342
1593252925483596252,1593252925448587375
1593252925581026732,1593252925548595994
1593252925684675798,1593252925648688401
1593252925783292459,1593252925748721603
1593252925884145436,1593252925848825293
1593252925981216834,1593252925948707808
1593252926081242236,1593252926048833384
1593252926183672414,1593252926148643510
1593252926281671879,1593252926248328866
1593252926382212654,1593252926348450412
1593252926482200169,1593252926448424936
1593252926575553731,1593252926548453303
1593252926681785109,1593252926648443001
1593252926779521242,1593252926748514146
1593252926873814572,1593252926848490063
1593252926975283378,1593252926948238103
1593252927075368996,1593252927048422114
1593252927181573921,1593252927148324935
1593252927275098862,1593252927248406517
1593252927368061863,1593252927348484194
1593252927481325718,1593252927448547652
1593252927583630198,1593252927548589233
1593252927681168215,1593252927648426732
1593252927781169171,1593252927748616524
1593252927880947461,1593252927848498701
1593252927981297504,1593252927948919861
1593252928081131012,1593252928048581880
1593252928181195705,1593252928148522856
1593252928281107147,1593252928248306033
1593252928381207815,1593252928348506735
1593252928482386854,1593252928448515607
1593252928581214170,1593252928548562926
1593252928681164282,1593252928648657010
1593252928781871221,1593252928748740272
1593252928881821037,1593252928848751760
1593252928979121596,1593252928948775355
1593252929079736264,1593252929048795296
1593252929181801602,1593252929148746326
1593252929284419563,1593252929248744146
1593252929376453977,1593252929348685116
1593252929481099507,1593252929448635186
1593252929578633360,1593252929548628285
1593252929681217500,1593252929648568413
1593252929781288973,1593252929748623492
1593252929881227410,1593252929848675572
1593252929981352267,1593252929948730714
1593252930081269819,1593252930048748056
1593252930181565364,1593252930148764163
1593252930281153137,1593252930248827755
1593252930374982242,1593252930348769293
1593252930478669005,1593252930448687171
1593252930581220770,1593252930548618965
1593252930680964975,1593252930648564000
1593252930781206299,1593252930748532766
1593252930881173673,1593252930848615874
1593252930983781262,1593252930948737011
1593252931081373466,1593252931048915020
1593252931183690344,1593252931148961069
1593252931282018658,1593252931248944038
1593252931381868718,1593252931348916555
1593252931483960681,1593252931448949597
1593252931582475614,1593252931548920108
1593252931681909274,1593252931648895627
1593252931769695158,1593252931748800365
1593252931879155334,1593252931848697925
1593252931981971735,1593252931948574912
1593252932075919447,1593252932048384467
1593252932179044777,1593252932148512521
1593252932277159877,1593252932248541029
1593252932377214350,1593252932348623418
1593252932477198442,1593252932448684351
1593252932579122520,1593252932548690335
1593252932679074647,1593252932648610146
1593252932781847505,1593252932748579153
1593252932884589364,1593252932848571628
1593252932979592371,1593252932948318587
1593252933061139557,1593252933048297207
1593252933181210235,1593252933148524167
1593252933281054373,1593252933248323831
1593252933380715534,1593252933348318739
1593252933481092801,1593252933448355426
1593252933578477875,1593252933548373704
1593252933681152284,1593252933648402322
1593252933781071337,1593252933748320382
1593252933878370261,1593252933848356000
1593252933980901441,1593252933948455238
1593252934074637809,1593252934048461262
1593252934184317269,1593252934148386389
1593252934281554479,1593252934248336967
1593252934375478437,1593252934348486329
1593252934478903532,1593252934448297295
1593252934579041073,1593252934548330003
1593252934681636861,1593252934648586523
1593252934781281064,1593252934748292132
1593252934882844432,1593252934848373988
1593252934981809864,1593252934948368071
1593252935074569490,1593252935048518978
1593252935173835455,1593252935148737734
1593252935281849804,1593252935248767342
1593252935381590740,1593252935348759493
1593252935482955141,1593252935448598898
1593252935579787450,1593252935548680870
1593252935677674559,1593252935648459464
1593252935777650832,1593252935748417213
1593252935880032933,1593252935848606106
1593252935979017938,1593252935948315341
1593252936073624489,1593252936048330899
1593252936178948599,1593252936148380119
1593252936279050436,1593252936248397958
1593252936381625911,1593252936348412923
1593252936478909309,1593252936448402387
1593252936583286116,1593252936548330069
1593252936679125477,1593252936648437058
1593252936779084475,1593252936748406723
1593252936879136062,1593252936848389932
1593252936983682491,1593252936948335686
1593252937081504583,1593252937048543877
1593252937181908316,1593252937148522427
1593252937279271773,1593252937248575188
1593252937379031631,1593252937348517568
1593252937479721994,1593252937448702986
1593252937577769945,1593252937548653984
1593252937679716775,1593252937648470351
1593252937778228238,1593252937748572949
1593252937877742365,1593252937848580282
1593252937981418294,1593252937948402787
1593252938079014941,1593252938048469268
1593252938181607547,1593252938148552763
1593252938282474370,1593252938248809346
1593252938374431172,1593252938348807819
1593252938479796113,1593252938448846408
1593252938577967028,1593252938548804356
1593252938679658314,1593252938648472819
1593252938784470900,1593252938748700355
1593252938883784078,1593252938848362606
1593252938981653402,1593252938948251136
1593252939078995639,1593252939048118479
1593252939178954615,1593252939148220164
1593252939279079695,1593252939248556893
1593252939381786587,1593252939348483333
1593252939479164334,1593252939448598636
1593252939581877634,1593252939548692188
1593252939681659906,1593252939648665322
1593252939782307235,1593252939748591556
1593252939869582426,1593252939848647331
1593252939979191622,1593252939948584376
1593252940081690087,1593252940048582746
1593252940179079929,1593252940148625348
1593252940281844598,1593252940248636387
1593252940381715586,1593252940348695952
1593252940479792011,1593252940448662812
1593252940584163579,1593252940548823662
1593252940679358489,1593252940648743573
1593252940781920210,1593252940748966836
1593252940881792873,1593252940848693302
1593252940982760251,1593252940948666032
1593252941082700065,1593252941048684685
1593252941179251431,1593252941148725671
1593252941279706749,1593252941248655968
1593252941381861676,1593252941348732156
1593252941481998257,1593252941448767128
1593252941579201784,1593252941548740979
1593252941681471129,1593252941648677454
1593252941779134388,1593252941748894492
1593252941882229293,1593252941848516823
1593252941984534765,1593252941948822019
1593252942081536783,1593252942048680768
1593252942181557606,1593252942148677614
1593252942281893747,1593252942248716285
1593252942381508987,1593252942348711400
1593252942481461822,1593252942448690932
1593252942579134749,1593252942548720245
1593252942679752226,1593252942648563804
1593252942779629180,1593252942748513982
1593252942879613817,1593252942848459504
1593252942981807865,1593252942948455560
1593252943081635370,1593252943048491689
1593252943179014429,1593252943148548469
1593252943282554497,1593252943248583398
1593252943381560871,1593252943348663832
1593252943481992839,1593252943448976182
1593252943581604259,1593252943548569683
1593252943679042144,1593252943648488816
1593252943781826999,1593252943748418018
1593252943879255767,1593252943848393880
1593252943982110239,1593252943948607370
1593252944074264180,1593252944048432028
1593252944175992022,1593252944148496005
1593252944277916130,1593252944248580017
1593252944377915538,1593252944348911553
1593252944477924222,1593252944448797724
1593252944577973110,1593252944548955837
1593252944678037863,1593252944648946469
1593252944777875821,1593252944748785065
1593252944873735713,1593252944848822964
1593252944981770256,1593252944948849924
1593252945085735876,1593252945048803570
1593252945175238010,1593252945148648334
1593252945273803515,1593252945248572304
1593252945379165713,1593252945348581955
1593252945476381065,1593252945448655805
1593252945584499174,1593252945548760010
1593252945675004197,1593252945648720107
1593252945773932790,1593252945748666052
1593252945879256778,1593252945848583886
1593252945979082732,1593252945948479632
1593252946079150862,1593252946048415329
1593252946179104023,1593252946148338417
1593252946281924885,1593252946248396528
1593252946379287916,1593252946348437828
1593252946481916105,1593252946448524649
1593252946579336425,1593252946548584732
1593252946682078873,1593252946648681809
1593252946781756169,1593252946748700408
1593252946879303842,1593252946848699586
1593252946981888988,1593252946948822835
1593252947079211322,1593252947048598905
1593252947179151151,1593252947148496241
1593252947282833558,1593252947248431902
1593252947379160010,1593252947348365797
1593252947481800764,1593252947448372025
1593252947579567630,1593252947548365862
1593252947679881118,1593252947648381095
1593252947779043899,1593252947748413612
1593252947881826908,1593252947848485875
1593252947982008223,1593252947948924654
1593252948082061445,1593252948048763485
1593252948181891294,1593252948148829656
1593252948284091119,1593252948248909966
1593252948379893560,1593252948348885323
1593252948477963693,1593252948448796401
1593252948584136379,1593252948548779890
1593252948681941995,1593252948648593252
1593252948781773665,1593252948748482566
1593252948881924163,1593252948848496853
1593252948984436833,1593252948948447012
1593252949079142806,1593252949048544166
1593252949179695906,1593252949148622845
1593252949281471205,1593252949248617384
1593252949379269608,1593252949348616611
1593252949479148321,1593252949448603070
1593252949579224871,1593252949548606427
1593252949682033692,1593252949648662278
1593252949779357222,1593252949748711664
1593252949879234845,1593252949848745863
1593252949979904128,1593252949948988116
1593252950079250924,1593252950048787823
1593252950181945226,1593252950148823468
1593252950279185305,1593252950248889244
1593252950382576821,1593252950348724936
1593252950474415841,1593252950448653806
1593252950572642863,1593252950548609706
1593252950671681187,1593252950648678942
1593252950779747945,1593252950748610278
1593252950879813054,1593252950848534497
1593252950979734909,1593252950948526627
1593252951082813437,1593252951048532321
1593252951169494307,1593252951148491456
1593252951279743594,1593252951248454115
1593252951376391010,1593252951348472504
1593252951481729597,1593252951448242370
1593252951579038697,1593252951548279192
1593252951681738266,1593252951648317995
1593252951779224554,1593252951748416072
1593252951879375127,1593252951848582515
1593252951979256395,1593252951948638934
1593252952079274585,1593252952048671086
1593252952179246547,1593252952148628821
1593252952282418909,1593252952248480786
1593252952381254197,1593252952348344465
1593252952482348464,1593252952448281276
1593252952588078623,1593252952548202141
1593252952676378565,1593252952648360175
1593252952781761272,1593252952748462881
1593252952876458649,1593252952848620107
1593252952979270879,1593252952948578895
1593252953082060308,1593252953048695498
1593252953179311975,1593252953148665634
1593252953281791340,1593252953248674910
1593252953379889836,1593252953348653512
1593252953479840126,1593252953448573841
1593252953584048363,1593252953548631957
1593252953683184675,1593252953648667049
1593252953782558225,1593252953748616942
1593252953874394684,1593252953848590115
1593252953979693919,1593252953948556633
1593252954079834543,1593252954048612147
1593252954177927892,1593252954148700622
1593252954282515047,1593252954248716174
1593252954374471393,1593252954348759486
1593252954479940203,1593252954448702653
1593252954584501591,1593252954548786960
1593252954679287947,1593252954648579076
1593252954781578650,1593252954748409534
1593252954873878392,1593252954848372630
1593252954979080729,1593252954948463948
1593252955079091081,1593252955048531233
1593252955181763772,1593252955148631150
1593252955282295341,1593252955248711205
1593252955382591703,1593252955348746769
1593252955474029828,1593252955448743444
1593252955579417576,1593252955548776324
1593252955679372632,1593252955648803787
1593252955781742888,1593252955748813342
1593252955881700195,1593252955848773934
1593252955974064266,1593252955948738869
1593252956076577277,1593252956048796227
1593252956182139581,1593252956149066880
1593252956274995842,1593252956248795071
1593252956382269645,1593252956348814972
1593252956474418544,1593252956448743962
1593252956580342554,1593252956548674936
1593252956680381685,1593252956648685595
1593252956782689987,1593252956748723078
1593252956879921861,1593252956848737468
1593252956979965986,1593252956948784080
1593252957080055237,1593252957048843931
1593252957180050691,1593252957148935282
1593252957276013602,1593252957248954757
1593252957380525049,1593252957348964215
1593252957480537587,1593252957448928678
1593252957582799534,1593252957548916392
1593252957674203806,1593252957648769679
1593252957779815800,1593252957748728954
1593252957882532113,1593252957848761793
1593252957970914083,1593252957948763663
1593252958079839750,1593252958048941508
1593252958182763581,1593252958148915339
1593252958282664442,1593252958248990466
1593252958380144283,1593252958348988247
1593252958479974951,1593252958448939146
1593252958579864081,1593252958548973500
1593252958682457833,1593252958648800813
1593252958782572138,1593252958748698253
1593252958882290112,1593252958848679271
1593252958979589143,1593252958948664078
1593252959069710293,1593252959048715426
1593252959180483575,1593252959148701285
1593252959274775405,1593252959248739000
1593252959372969473,1593252959348742838
1593252959476707157,1593252959448799976
1593252959564989491,1593252959548839056
1593252959674484158,1593252959648916861
1593252959783229266,1593252959748918691
1593252959879987830,1593252959848820887
1593252959979877918,1593252959948793564
1593252960082200193,1593252960048808756
1593252960177573452,1593252960148712544
1593252960286313340,1593252960248718906
1593252960382423745,1593252960348662492
1593252960469165747,1593252960448656527
1593252960580916012,1593252960548754912
1593252960682407866,1593252960648721220
1593252960771022096,1593252960748637250
1593252960877105325,1593252960848508892
1593252960979162314,1593252960948443441
1593252961083611708,1593252961048450316
1593252961181336585,1593252961148422085
1593252961282694761,1593252961248504893
1593252961384208691,1593252961348721563
1593252961483032440,1593252961448832451
1593252961583748101,1593252961548881497
1593252961675199523,1593252961648847427
1593252961781009922,1593252961748787027
1593252961881068445,1593252961848757244
1593252961984339706,1593252961948708027
1593252962074799087,1593252962048664931
1593252962173499300,1593252962148785954
1593252962281087484,1593252962248920482
1593252962366135743,1593252962348904463
1593252962481626978,1593252962448990873
1593252962574014217,1593252962548742325
1593252962680439637,1593252962648898222
1593252962782768607,1593252962748838579
1593252962880439362,1593252962848807020
1593252962974527000,1593252962948774164
1593252963080471541,1593252963048774127
1593252963180379307,1593252963148714620
1593252963280313759,1593252963248706620
1593252963380382515,1593252963348657541
1593252963480496903,1593252963448621671
1593252963574495388,1593252963548602134
1593252963680241299,1593252963648598088
1593252963782985425,1593252963748580970
1593252963876304196,1593252963848595560
1593252963978494080,1593252963948528219
1593252964074231659,1593252964048544983
1593252964180292029,1593252964148604323
1593252964280318150,1593252964248666668
1593252964380388648,1593252964348744807
1593252964483171335,1593252964448817209
1593252964583982965,1593252964548751489
1593252964666097229,1593252964648762103
1593252964780588343,1593252964748715438
1593252964883161923,1593252964848687287
1593252964978148766,1593252964948641633
1593252965082841682,1593252965048624023
1593252965182065279,1593252965148465882
1593252965280296970,1593252965248533958
1593252965382928729,1593252965348364202
1593252965476376889,1593252965448335416
1593252965580340263,1593252965548385132
1593252965683591809,1593252965648373985
1593252965775014308,1593252965748398117
1593252965876995159,1593252965848475588
1593252965980904002,1593252965948456117
1593252966080917362,1593252966048477324
1593252966180914988,1593252966148424969
1593252966274931593,1593252966248477266
1593252966373258430,1593252966348463407
1593252966476920034,1593252966448518229
1593252966579019489,1593252966548633219
1593252966683100037,1593252966648778766
1593252966774543052,1593252966748750405
1593252966880539954,1593252966848742879
1593252966982837544,1593252966948681527
1593252967078120720,1593252967048647405
1593252967179310750,1593252967148619933
1593252967280050359,1593252967248472377
1593252967380362399,1593252967348759944
1593252967477786375,1593252967448645007
1593252967580312666,1593252967548907593
1593252967680229811,1593252967648655636
1593252967774258913,1593252967748640008
1593252967880328585,1593252967848728205
1593252967980472601,1593252967948774907
1593252968074542346,1593252968048762020
1593252968180518601,1593252968148773143
1593252968281049556,1593252968248675391
1593252968375119519,1593252968348687569
1593252968461500657,1593252968448825305
1593252968578361390,1593252968548736386
1593252968679050137,1593252968648684914
1593252968778267680,1593252968748714635
1593252968879083854,1593252968848739764
1593252968981037996,1593252968948672735
1593252969075084143,1593252969048624531
1593252969181724115,1593252969148804722
1593252969278251616,1593252969248770309
1593252969373620907,1593252969348820164
1593252969480430898,1593252969448537237
1593252969576470096,1593252969548609715
1593252969680581048,1593252969648960194
1593252969780517677,1593252969748780898
1593252969872964513,1593252969848785786
1593252969971655792,1593252969948767125
1593252970081287486,1593252970048719538
1593252970181267784,1593252970148732359
1593252970281282152,1593252970248730329
1593252970381275262,1593252970348711440
1593252970481469321,1593252970448730556
1593252970581238525,1593252970548765731
1593252970681133610,1593252970648754994
1593252970781020756,1593252970748801069
1593252970880375321,1593252970848845197
1593252970980198755,1593252970948841926
1593252971080323009,1593252971049044739
1593252971174644333,1593252971148713147
1593252971280250092,1593252971248644775
1593252971380457073,1593252971348594513
1593252971481028352,1593252971448560733
1593252971582990406,1593252971548563987
1593252971683128458,1593252971648526540
1593252971776318061,1593252971748536385
1593252971880420930,1593252971848616152
1593252971983067534,1593252971948713378
1593252972083295887,1593252972048845697
1593252972183693440,1593252972149256913
1593252972280627578,1593252972248940043
1593252972380527174,1593252972348757052
1593252972480199867,1593252972448592288
1593252972569411009,1593252972548364935
1593252972680324132,1593252972648377904
1593252972780416285,1593252972748472272
1593252972880603104,1593252972848579860
1593252972982994965,1593252972948658132
1593252973080714567,1593252973048815346
1593252973180385113,1593252973148751375
1593252973281061355,1593252973248703551
1593252973371932539,1593252973348636937
1593252973478256189,1593252973448760547
1593252973581258016,1593252973549002708
1593252973681170007,1593252973648899850
1593252973779238598,1593252973749090355
1593252973879229358,1593252973849046593
1593252973980680800,1593252973948794849
1593252974080320269,1593252974048650151
1593252974180272514,1593252974148558504
1593252974281496902,1593252974248460336
1593252974380254389,1593252974348417168
1593252974480257426,1593252974448498051
1593252974584203970,1593252974548789858
1593252974681609529,1593252974648509767
1593252974780647199,1593252974748622770
1593252974883237055,1593252974848496451
1593252974980387080,1593252974948586324
1593252975084602535,1593252975048540654
1593252975180441362,1593252975148583574
1593252975280499528,1593252975248565826
1593252975380499136,1593252975348542531
1593252975480275685,1593252975448466223
1593252975580437794,1593252975548423493
1593252975674381280,1593252975648430359
1593252975780417392,1593252975748473295
1593252975880601194,1593252975848616841
1593252975969317010,1593252975948594365
1593252976077880001,1593252976048498449
1593252976183124198,1593252976148511022
1593252976270905753,1593252976248592042
1593252976380504020,1593252976348679536
1593252976480388905,1593252976448566844
1593252976580561797,1593252976548560351
1593252976680403006,1593252976648577625
1593252976780377082,1593252976748599737
1593252976880487264,1593252976848606585
1593252976980695407,1593252976948618171
1593252977081050101,1593252977048689245
1593252977175028001,1593252977148614622
1593252977278504937,1593252977248637026
1593252977380316949,1593252977348723979
1593252977480504158,1593252977448750253
1593252977580618608,1593252977548678053
1593252977669381764,1593252977648763402
1593252977780648292,1593252977748758814
1593252977880601034,1593252977848769789
1593252977980487346,1593252977948815776
1593252978069524467,1593252978048813670
1593252978180381599,1593252978148934826
1593252978280231043,1593252978248677878
1593252978360820055,1593252978348796103
1593252978477939004,1593252978448471860
1593252978578378575,1593252978548483066
1593252978682907113,1593252978648641241
1593252978770805199,1593252978748814404
1593252978880306711,1593252978848636397
1593252978982454475,1593252978948688458
1593252979076476771,1593252979048671816
1593252979183667438,1593252979148592200
1593252979283191848,1593252979248583671
1593252979380481491,1593252979348686756
1593252979477915865,1593252979448757756
1593252979573045206,1593252979548844702
1593252979678853502,1593252979649122844
1593252979778046663,1593252979749169165
1593252979873511185,1593252979849146818
1593252979980722982,1593252979949069583
1593252980080484910,1593252980048769287
1593252980174443754,1593252980148592682
1593252980280926771,1593252980248469050
1593252980381226763,1593252980348383435
1593252980480719060,1593252980448330771
1593252980583424385,1593252980548364307
1593252980680271143,1593252980648410985
1593252980780455311,1593252980748396785
1593252980880578471,1593252980848613260
1593252980980290720,1593252980948467980
1593252981080956103,1593252981048427410
1593252981178224758,1593252981148566805
1593252981281054347,1593252981248563920
1593252981383332705,1593252981348580982
1593252981474531702,1593252981448606789
1593252981561298695,1593252981548721805
1593252981680307393,1593252981648668465
1593252981780232533,1593252981748625976
1593252981874344200,1593252981848597455
1593252981978248577,1593252981948603252
1593252982080168226,1593252982048628810
1593252982180242591,1593252982148613437
1593252982274229797,1593252982248568257
1593252982380251645,1593252982348586072
1593252982480399547,1593252982448564427
1593252982580189563,1593252982548519619
1593252982674112663,1593252982648400513
1593252982780106474,1593252982748325929
1593252982880167861,1593252982848311203
1593252982982940318,1593252982948321672
1593252983076244160,1593252983048252802
1593252983180353615,1593252983148340049
1593252983269017099,1593252983248400039
1593252983377698597,1593252983348476670
1593252983480330574,1593252983448511863
1593252983583056944,1593252983548578862
1593252983680206891,1593252983648615319
1593252983780718923,1593252983748639714
1593252983881285810,1593252983848817986
1593252983971784453,1593252983948585070
1593252984080505938,1593252984048546838
1593252984183035545,1593252984148515572
1593252984280473245,1593252984248544744
1593252984381050716,1593252984348515931
1593252984481077633,1593252984448565424
1593252984583181899,1593252984548578657
1593252984683103380,1593252984648586118
1593252984774302928,1593252984748539369
1593252984880454793,1593252984848480278
1593252984960454584,1593252984948355830
1593252985080499376,1593252985048407281
1593252985174098937,1593252985148196363
1593252985280291593,1593252985248328610
1593252985380175071,1593252985348220861
1593252985480984761,1593252985448228730
1593252985583567247,1593252985548326294
1593252985680484158,1593252985648614201
1593252985774392847,1593252985748336004
1593252985880366929,1593252985848377420
1593252985980892915,1593252985948226761
1593252986069359782,1593252986048313877
1593252986169629229,1593252986148369803
1593252986281063411,1593252986248430693
1593252986369592556,1593252986348569763
1593252986475049256,1593252986448478488
1593252986580446387,1593252986548473803
1593252986680650160,1593252986648359502
1593252986780386715,1593252986748278537
1593252986880407999,1593252986848151851
1593252986983668159,1593252986948085073
1593252987072184407,1593252987048051063
1593252987180099789,1593252987148090085
1593252987280156138,1593252987248247570
1593252987378138740,1593252987348052644
1593252987473063344,1593252987448174301
1593252987580400586,1593252987548160300
1593252987681483084,1593252987648208570
1593252987781249642,1593252987748197353
1593252987880447185,1593252987848176026
1593252987983069775,1593252987948090299
1593252988081120155,1593252988048087798
1593252988178583489,1593252988148067487
1593252988280342937,1593252988248012642
1593252988380196425,1593252988347981200
1593252988478269487,1593252988448206489
1593252988582841335,1593252988548107929
1593252988670494775,1593252988648245419
1593252988783231685,1593252988748343619
1593252988880497745,1593252988848350540
1593252988974452546,1593252988948305417
1593252989080453970,1593252989048236990
1593252989180259789,1593252989148016685
1593252989281478339,1593252989247936189
1593252989381177661,1593252989347660696
1593252989481319552,1593252989447638793
1593252989579366986,1593252989547644942
1593252989681479264,1593252989647730962
1593252989780210960,1593252989747963580
1593252989880338500,1593252989848088034
1593252989982842394,1593252989948145201
1593252990080212577,1593252990048222300
1593252990180125929,1593252990148230112
1593252990280363472,1593252990248239007
1593252990380771833,1593252990348166866
1593252990482865651,1593252990448088936
1593252990580897426,1593252990547961512
1593252990674671216,1593252990647971786
1593252990772942787,1593252990748066823
1593252990878198491,1593252990848144036
1593252990973192349,1593252990948279231
1593252991082926992,1593252991048333465
1593252991180456479,1593252991148308346
1593252991284042511,1593252991248234523
1593252991381003716,1593252991348299617
1593252991480383230,1593252991448278286
1593252991580281488,1593252991548155704
1593252991680191858,1593252991648075880
1593252991780257388,1593252991748114343
1593252991880314077,1593252991848183112
1593252991980510103,1593252991948246929
1593252992080715332,1593252992048261124
1593252992180597633,1593252992148230385
1593252992280449497,1593252992248214016
1593252992383593599,1593252992348190522
1593252992481505330,1593252992448412274
1593252992581662630,1593252992548443518
1593252992681260268,1593252992648610119
1593252992781322935,1593252992748729348
1593252992881526106,1593252992848722414
1593252992980496963,1593252992948667158
1593252993080318492,1593252993048588422
1593252993181125772,1593252993148521648
1593252993275311884,1593252993248843380
1593252993380901343,1593252993348768303
1593252993480885527,1593252993448842990
1593252993580636355,1593252993548602163
1593252993680674755,1593252993648515855
1593252993783251081,1593252993748488606
1593252993880638301,1593252993848469404
1593252993983122369,1593252993948588529
1593252994080259258,1593252994048490673
1593252994183204746,1593252994148542166
1593252994280441309,1593252994248503291
1593252994380503158,1593252994348400651
1593252994480432617,1593252994448221418
1593252994581881959,1593252994548064636
1593252994681218571,1593252994648101270
1593252994780958140,1593252994748182469
1593252994881200323,1593252994848472866
1593252994975260263,1593252994948535327
1593252995080882447,1593252995048491900
1593252995180413943,1593252995148523789
1593252995280289072,1593252995248473373
1593252995384100314,1593252995348398621
1593252995475750581,1593252995448437847
1593252995582968446,1593252995548210956
1593252995680659343,1593252995648326598
1593252995780647939,1593252995748578020
1593252995880931654,1593252995848672350
1593252995980836248,1593252995948698817
1593252996081360145,1593252996048765134
1593252996173690383,1593252996148838722
1593252996278951312,1593252996248815558
1593252996381130340,1593252996348889766
1593252996481064314,1593252996448764278
1593252996580969859,1593252996548592422
1593252996673394190,1593252996648276839
1593252996780732699,1593252996748326131
1593252996880507017,1593252996848280701
1593252996980371666,1593252996948328324
1593252997080564095,1593252997048519296
1593252997180426614,1593252997148691935
1593252997280316776,1593252997248585591
1593252997380580032,1593252997348497767
1593252997480630944,1593252997448460994
1593252997580533653,1593252997548294612
1593252997678997260,1593252997648293951
1593252997778294601,1593252997748273861
1593252997883362554,1593252997848266032
1593252997980237017,1593252997948267949
1593252998083563881,1593252998048378943
1593252998180817779,1593252998148767954
1593252998283365354,1593252998248614684
1593252998380630386,1593252998348560575
1593252998480298349,1593252998448485872
1593252998580360694,1593252998548441862
1593252998680318053,1593252998648314280
1593252998780178265,1593252998748218085
1593252998874134240,1593252998848231134
1593252998980191724,1593252998948317021
1593252999080244759,1593252999048404195
1593252999184349835,1593252999148455260
1593252999280645267,1593252999248467539
1593252999383210054,1593252999348484601
1593252999480558772,1593252999448494095
1593252999581092483,1593252999548476160
1593252999681048957,1593252999648336886
1593252999784072899,1593252999748273429
1593252999880633772,1593252999848479435
1593252999980528620,1593252999948328470
1593253000080308829,1593253000048357223
1593253000180545912,1593253000148407924
1593253000280535615,1593253000248457087
1593253000380449386,1593253000348467805
1593253000480524156,1593253000448476176
1593253000580465159,1593253000548457154
1593253000680330559,1593253000648313565
1593253000780362609,1593253000748264524
1593253000880405886,1593253000848232470
1593253000980386122,1593253000948295103
1593253001080474828,1593253001048352174
1593253001180466239,1593253001148517161
1593253001274346940,1593253001248488569
1593253001380609672,1593253001348557523
1593253001481199512,1593253001448554485
1593253001580587157,1593253001548473211
1593253001683239046,1593253001648416687
1593253001783245966,1593253001748398877
1593253001870694618,1593253001848354252
1593253001980527864,1593253001948310319
1593253002080196507,1593253002048285516
1593253002183896511,1593253002148459472
1593253002280627800,1593253002248433479
1593253002383244239,1593253002348504906
1593253002480443824,1593253002448541136
1593253002580630223,1593253002548523713
1593253002680683019,1593253002648519291
1593253002774387545,1593253002748476139
1593253002880501913,1593253002848419199
1593253002974307174,1593253002948337610
1593253003080659943,1593253003048436329
1593253003174340546,1593253003148336189
1593253003280992875,1593253003248138009
1593253003381112054,1593253003348203714
1593253003478999230,1593253003448126982
1593253003573090846,1593253003548184500
1593253003686227865,1593253003648167581
1593253003775266486,1593253003748293205
1593253003882896195,1593253003848234503
1593253003980202888,1593253003948266957
1593253004080316430,1593253004048446178
1593253004180241158,1593253004148519558
1593253004280300988,1593253004248430873
1593253004380403214,1593253004348477420
1593253004483380446,1593253004448623246
1593253004576539084,1593253004548498864
1593253004680437736,1593253004648469849
1593253004782306752,1593253004748367458
1593253004876421581,1593253004848177938
1593253004982769262,1593253004948000347
1593253005078260645,1593253005048204010
1593253005180934133,1593253005148099711
1593253005283115781,1593253005248514776
1593253005380640695,1593253005348588461
1593253005481764536,1593253005448690881
1593253005580717102,1593253005548777204
1593253005680839675,1593253005648827948
1593253005780777468,1593253005748726667
1593253005882441300,1593253005848678342
1593253005980611835,1593253005948591481
1593253006080542382,1593253006048528205
1593253006180585309,1593253006148444377
1593253006280377579,1593253006248373813
1593253006380613008,1593253006348480750
1593253006480420860,1593253006448414838
1593253006583317093,1593253006548442774
1593253006680644650,1593253006648450133
1593253006780266914,1593253006748422546
1593253006874336134,1593253006848409249
1593253006980350116,1593253006948449535
1593253007074226302,1593253007048396445
1593253007179038153,1593253007148445942
1593253007281132960,1593253007248409152
1593253007385552913,1593253007348445563
1593253007478126870,1593253007448568468
1593253007579095282,1593253007548559746
1593253007681328713,1593253007648611145
1593253007774576486,1593253007748406904
1593253007884757436,1593253007848349600
1593253007981039607,1593253007948311367
1593253008080927348,1593253008048278089
1593253008180667842,1593253008148239336
1593253008280780808,1593253008248267924
1593253008384893261,1593253008348342102
1593253008483664594,1593253008448379487
1593253008581102961,1593253008548431912
1593253008674544302,1593253008648396781
1593253008781069488,1593253008748395897
1593253008878739499,1593253008848410392
1593253008977931622,1593253008948432807
1593253009080588384,1593253009048379356
1593253009181278549,1593253009148371756
1593253009281118388,1593253009248441140
1593253009381325333,1593253009348525332
1593253009482001641,1593253009448580784
1593253009575570976,1593253009548621244
1593253009680220626,1593253009648640504
1593253009781020771,1593253009748722135
1593253009879174596,1593253009848632325
1593253009977173788,1593253009948578685
1593253010081665065,1593253010048345869
1593253010175182037,1593253010148382372
1593253010278993321,1593253010248323238
1593253010379055219,1593253010348454499
1593253010483811462,1593253010448588471
1593253010581604676,1593253010548467467
1593253010681014398,1593253010648485446
1593253010781052691,1593253010748444280
1593253010874696846,1593253010848422655
1593253010973423814,1593253010948365591
1593253011081148070,1593253011048320279
