recv_stamp,msg_stamp
1588364253717059642,1588364253711024317
1588364253813535441,1588364253810596496
1588364253915167023,1588364253910333089
1588364254014171216,1588364254009610841
1588364254113348981,1588364254108992029
1588364254213358017,1588364254208698469
1588364254313228053,1588364254308481801
1588364254413006177,1588364254408333498
1588364254513100689,1588364254508568123
1588364254613121387,1588364254608693472
1588364254713659728,1588364254709021037
1588364254813706194,1588364254809039634
1588364254913407787,1588364254908871798
1588364255013499765,1588364255008873456
1588364255113572938,1588364255109039889
1588364255213647242,1588364255209069729
1588364255313765149,1588364255309070614
1588364255413784847,1588364255409105374
1588364255513854861,1588364255509146055
1588364255613780277,1588364255609116869
1588364255713594866,1588364255709141530
1588364255813756910,1588364255809177199
1588364255913693424,1588364255909156299
1588364256013658446,1588364256009088267
1588364256113844526,1588364256109092544
1588364256213476261,1588364256209039587
1588364256313904797,1588364256309151667
1588364256413373017,1588364256408833129
1588364256513302732,1588364256508806810
1588364256613125624,1588364256608800581
1588364256713511915,1588364256708800487
1588364256813467906,1588364256808814760
1588364256913243276,1588364256908833686
1588364257013575061,1588364257009037236
1588364257113712989,1588364257109109731
1588364257213866322,1588364257209145637
1588364257314062273,1588364257309326144
1588364257413729886,1588364257409184311
1588364257514025877,1588364257509154575
1588364257613633967,1588364257609140498
1588364257713624650,1588364257709009984
1588364257813584209,1588364257809025469
1588364257913424930,1588364257908707267
1588364258013996430,1588364258009004493
1588364258113214116,1588364258108802586
1588364258213820728,1588364258208864247
1588364258313709652,1588364258309032071
1588364258413417842,1588364258409035460
1588364258513548357,1588364258509105963
1588364258613592681,1588364258609009029
1588364258713250456,1588364258708791353
1588364258813104932,1588364258808647107
1588364258913402719,1588364258908740774
1588364259013219302,1588364259008644427
1588364259113145910,1588364259108549401
1588364259212787122,1588364259208319644
1588364259313001794,1588364259308443874
1588364259413029371,1588364259408423266
1588364259512724943,1588364259508270116
1588364259612742357,1588364259608273302
1588364259712842556,1588364259708364255
1588364259812737439,1588364259808260866
1588364259913258931,1588364259908667526
1588364260013130551,1588364260008601593
1588364260113158420,1588364260108653233
1588364260213097187,1588364260208649105
1588364260313119838,1588364260308599226
1588364260412924128,1588364260408520905
1588364260512978467,1588364260508475456
1588364260612973669,1588364260608339638
1588364260713182833,1588364260708508371
1588364260813113977,1588364260808518923
1588364260913112943,1588364260908515582
1588364261012755971,1588364261008281548
1588364261112887012,1588364261108328632
1588364261212848641,1588364261208094287
1588364261312814820,1588364261308323509
1588364261413008341,1588364261408317427
1588364261512793843,1588364261508350935
1588364261612582971,1588364261608157194
1588364261712776238,1588364261708189258
1588364261812788161,1588364261808183529
1588364261912940537,1588364261908515122
1588364262012896759,1588364262008308208
1588364262113273604,1588364262108498060
1588364262213088532,1588364262208574675
1588364262313196462,1588364262308564365
1588364262413362911,1588364262408586492
1588364262513171355,1588364262508186121
1588364262612571461,1588364262608091389
1588364262712497304,1588364262708082257
1588364262812546756,1588364262808062260
1588364262912734536,1588364262908092378
1588364263012552713,1588364263008034006
1588364263112509299,1588364263108046341
1588364263212312752,1588364263207866842
1588364263312726169,1588364263308017554
1588364263412826161,1588364263408004910
1588364263512705635,1588364263508060430
1588364263612669968,1588364263608103280
1588364263712682958,1588364263708215675
1588364263812609391,1588364263808129216
1588364263912792380,1588364263908162988
1588364264012597050,1588364264008122166
1588364264112492932,1588364264108069422
1588364264212552692,1588364264208122129
1588364264312907282,1588364264308167218
1588364264412932520,1588364264408365903
1588364264512908754,1588364264508374158
1588364264612790663,1588364264608197945
1588364264713117430,1588364264708136677
1588364264812459942,1588364264808040206
1588364264912312994,1588364264908011128
1588364265012414960,1588364265007817151
1588364265112203604,1588364265107747354
1588364265212265313,1588364265207822315
1588364265312571511,1588364265307614503
1588364265412288737,1588364265407726740
1588364265512450196,1588364265507796771
1588364265612305014,1588364265607724443
1588364265712228866,1588364265707732533
1588364265812237456,1588364265807825449
1588364265912240709,1588364265907780878
1588364266012468884,1588364266007778463
1588364266112315746,1588364266107782809
1588364266212208669,1588364266207710113
1588364266312342576,1588364266307636434
1588364266412089852,1588364266407542723
1588364266512131075,1588364266507708402
1588364266612084465,1588364266607664857
1588364266712129327,1588364266707712539
1588364266812353125,1588364266807672662
1588364266912365947,1588364266907724276
1588364267012343173,1588364267007777365
1588364267112474105,1588364267107772062
1588364267212044108,1588364267207510742
1588364267312239032,1588364267307534856
1588364267412408832,1588364267407528193
1588364267511873754,1588364267507474893
1588364267612449898,1588364267607745929
1588364267712524548,1588364267707737118
1588364267812318643,1588364267807862246
1588364267912329195,1588364267907854188
1588364268012331317,1588364268007753668
1588364268112590451,1588364268107546882
1588364268211987697,1588364268207415479
1588364268311932492,1588364268307302966
1588364268411729261,1588364268407152577
1588364268511783279,1588364268507222157
1588364268611683452,1588364268607234292
1588364268711832357,1588364268707281626
1588364268812000191,1588364268807462988
1588364268912014271,1588364268907523913
1588364269011971645,1588364269007494372
1588364269112061527,1588364269107565448
1588364269212162031,1588364269207449064
1588364269312187996,1588364269307316208
1588364269411881071,1588364269407357172
1588364269511822611,1588364269507269311
1588364269612040898,1588364269607341894
1588364269711885793,1588364269707332718
1588364269811972128,1588364269807338620
1588364269911788331,1588364269907301233
1588364270011724150,1588364270007287245
1588364270111834920,1588364270107375871
1588364270211902129,1588364270207324354
1588364270311722067,1588364270307132129
1588364270411667835,1588364270407141931
1588364270511656015,1588364270507136194
1588364270611680956,1588364270607167757
1588364270711766829,1588364270707331127
1588364270812176192,1588364270807474698
1588364270911885802,1588364270907492500
1588364271012074247,1588364271007472642
1588364271112215873,1588364271107616474
1588364271212458478,1588364271207662470
1588364271312612536,1588364271307639076
1588364271412473871,1588364271407510921
1588364271512240696,1588364271507534065
1588364271611882429,1588364271607551123
1588364271712012777,1588364271707477781
1588364271812153391,1588364271807502492
1588364271912115787,1588364271907609207
1588364272012321477,1588364272007644221
1588364272112302361,1588364272107639935
1588364272212184698,1588364272207621367
1588364272308684346,1588364272307341905
1588364272412028112,1588364272407378720
1588364272511795844,1588364272507166837
1588364272611812956,1588364272607140095
1588364272711841120,1588364272707128558
1588364272812018516,1588364272807331244
1588364272911937078,1588364272907472895
1588364273012582904,1588364273007604272
1588364273112284800,1588364273107855266
1588364273212310715,1588364273207689087
1588364273312213520,1588364273307688158
1588364273412419984,1588364273407710455
1588364273512241020,1588364273507657259
1588364273612260829,1588364273607670996
1588364273712252829,1588364273707686884
1588364273812140052,1588364273807673505
1588364273912107901,1588364273907623866
1588364274011909671,1588364274007517168
1588364274112110169,1588364274107507282
1588364274212021446,1588364274207548494
1588364274312369782,1588364274307718137
1588364274412461453,1588364274408005952
1588364274512398845,1588364274507900875
1588364274612238578,1588364274607653438
1588364274711991206,1588364274707581779
1588364274812065022,1588364274807545115
1588364274912115587,1588364274907629854
1588364275012389202,1588364275007931266
1588364275112216851,1588364275107806447
1588364275212744282,1588364275207828046
1588364275312511927,1588364275307802667
1588364275412554579,1588364275408005985
1588364275512164150,1588364275507748948
1588364275611978455,1588364275607457536
1588364275711796272,1588364275707324254
1588364275811702861,1588364275807173598
1588364275911830065,1588364275907252058
1588364276012150604,1588364276007575308
1588364276112492222,1588364276107921009
1588364276212283634,1588364276207836378
1588364276312211638,1588364276307836332
1588364276412863830,1588364276408008334
1588364276512072685,1588364276507632785
1588364276611993546,1588364276607491548
1588364276711761503,1588364276707253956
1588364276812036321,1588364276807378638
1588364276911819808,1588364276907279371
1588364277012065056,1588364277007438116
1588364277112105586,1588364277107500319
1588364277212218996,1588364277207492539
1588364277311863886,1588364277307350562
1588364277411671872,1588364277407146893
1588364277512081309,1588364277507162780
1588364277611614148,1588364277607146466
1588364277711491730,1588364277707004981
1588364277811467030,1588364277806991947
1588364277911381370,1588364277907045486
1588364278011505043,1588364278007072227
1588364278112074903,1588364278107332994
1588364278212074017,1588364278207530751
1588364278312105525,1588364278307610650
1588364278412079004,1588364278407654980
1588364278512211993,1588364278507599416
1588364278611736150,1588364278607262327
1588364278711744727,1588364278707175923
1588364278811810894,1588364278807105350
1588364278911803469,1588364278907215493
1588364279011718649,1588364279007141729
1588364279111758322,1588364279107122121
1588364279211525934,1588364279207092259
1588364279311791762,1588364279307115561
1588364279411687035,1588364279407130303
1588364279511671906,1588364279507206109
1588364279611618470,1588364279607184631
1588364279712097029,1588364279707449150
1588364279812010148,1588364279807483759
1588364279912027259,1588364279907556343
1588364280012105449,1588364280007578459
1588364280112387433,1588364280108039762
1588364280212484839,1588364280207843769
1588364280312266439,1588364280307792173
1588364280412748869,1588364280407931619
1588364280512183894,1588364280507585977
1588364280612013494,1588364280607418164
1588364280711583394,1588364280707122563
1588364280811730401,1588364280807187571
1588364280911581880,1588364280907083960
1588364281011529910,1588364281007025725
1588364281111514479,1588364281107043858
1588364281211533772,1588364281207109276
1588364281311684947,1588364281307075871
1588364281411853647,1588364281407325234
1588364281512019190,1588364281507155808
1588364281612037133,1588364281607412894
1588364281712432788,1588364281707717339
1588364281812068043,1588364281807523887
1588364281912140793,1588364281907499773
1588364282012050437,1588364282007445113
1588364282112044158,1588364282107355006
1588364282211986669,1588364282207329930
1588364282311889907,1588364282307267670
1588364282411797786,1588364282407362108
1588364282512134733,1588364282507523869
1588364282612215957,1588364282607530605
1588364282711826661,1588364282707311998
1588364282811930614,1588364282807326626
1588364282911655205,1588364282907111193
1588364283012057131,1588364283007203968
1588364283110537813,1588364283106979959
1588364283211905260,1588364283207176137
1588364283311852594,1588364283307434231
1588364283412064803,1588364283407534208
1588364283512185350,1588364283507556374
1588364283611854658,1588364283607347608
1588364283712012621,1588364283707335371
1588364283811735852,1588364283807145449
1588364283911776978,1588364283907101343
1588364284011687206,1588364284007156640
1588364284112283738,1588364284107434414
1588364284212107723,1588364284207600849
1588364284312251121,1588364284307760041
1588364284412235834,1588364284407748301
1588364284512166350,1588364284507584224
1588364284611887762,1588364284607329507
1588364284711638465,1588364284707134045
1588364284811708283,1588364284807071503
1588364284911533104,1588364284907055526
1588364285011808132,1588364285007127472
1588364285111864251,1588364285107163271
1588364285212003112,1588364285207370549
1588364285312144528,1588364285307511028
1588364285412154770,1588364285407573387
1588364285512026299,1588364285507540660
1588364285612587812,1588364285607520117
1588364285711981055,1588364285707374509
1588364285811980969,1588364285807333263
1588364285911494078,1588364285907109894
1588364286011719309,1588364286007287563
1588364286111513071,1588364286107043526
1588364286211602818,1588364286207001759
1588364286311680974,1588364286307014779
1588364286411739234,1588364286407120566
1588364286511715091,1588364286507124212
1588364286611399923,1588364286607030680
1588364286711507739,1588364286707062970
1588364286811786779,1588364286807326591
1588364286912119088,1588364286907505653
1588364287012057832,1588364287007623248
1588364287112339701,1588364287107604736
1588364287212014980,1588364287207513543
1588364287311874568,1588364287307395157
1588364287411550834,1588364287407140210
1588364287511546190,1588364287507056654
1588364287611785593,1588364287607287577
1588364287711514687,1588364287707035226
1588364287811638287,1588364287807034909
1588364287911432567,1588364287907048762
1588364288011796834,1588364288007201922
1588364288111652925,1588364288107181003
1588364288212019896,1588364288207364987
1588364288312032990,1588364288307475359
1588364288411900626,1588364288407475607
1588364288512132768,1588364288507676874
1588364288612076710,1588364288607529659
1588364288711505676,1588364288707067440
1588364288811289337,1588364288806868239
1588364288911153069,1588364288906714180
1588364289011119373,1588364289006651605
1588364289111594484,1588364289107001349
1588364289211405568,1588364289207094942
1588364289312005462,1588364289307481754
1588364289412437079,1588364289407740701
1588364289512254547,1588364289507576791
1588364289612061535,1588364289607542902
1588364289711672978,1588364289707172701
1588364289811738382,1588364289807100623
1588364289911339567,1588364289907024029
1588364290011627303,1588364290007115382
1588364290111813354,1588364290107126869
1588364290211418626,1588364290207012269
1588364290311629852,1588364290307009365
1588364290411703107,1588364290407035321
1588364290511426054,1588364290507041546
1588364290611457884,1588364290607059023
1588364290711570417,1588364290707098380
1588364290812017642,1588364290807468941
1588364290912097684,1588364290907658406
1588364291012125492,1588364291007740552
1588364291112279180,1588364291107663691
1588364291212105485,1588364291207588910
1588364291311755227,1588364291307233966
1588364291411741375,1588364291407099354
1588364291511462154,1588364291507027547
1588364291611742810,1588364291607105663
1588364291711426129,1588364291706769285
1588364291811446305,1588364291806825878
1588364291911718239,1588364291907137943
1588364292011387971,1588364292007015748
1588364292111560868,1588364292107099138
1588364292211671567,1588364292207080200
1588364292311494071,1588364292307075682
1588364292411765107,1588364292407162536
1588364292511409644,1588364292507070155
1588364292611620323,1588364292607072744
1588364292711630605,1588364292707193020
1588364292812001279,1588364292807170163
1588364292911848517,1588364292907374443
1588364293012193836,1588364293007611633
1588364293112126714,1588364293107526400
1588364293212362646,1588364293207664006
1588364293312380267,1588364293308020409
1588364293412154618,1588364293407720302
1588364293512356309,1588364293507749461
1588364293612053352,1588364293607500832
1588364293711571201,1588364293707190572
1588364293811451309,1588364293807030317
1588364293911109394,1588364293906654031
1588364294011194527,1588364294006563952
1588364294111020813,1588364294106534325
1588364294211016593,1588364294206599808
1588364294311214819,1588364294306719820
1588364294411242613,1588364294406858036
1588364294511333504,1588364294506875798
1588364294611790879,1588364294607197992
1588364294711790155,1588364294707168700
1588364294811928862,1588364294807173362
1588364294911569963,1588364294907103161
1588364295011724065,1588364295007075013
1588364295111388707,1588364295106848037
1588364295211326721,1588364295206999023
1588364295311381115,1588364295307026065
1588364295411533817,1588364295407024284
1588364295512049895,1588364295507128321
1588364295611766636,1588364295607125250
1588364295711862258,1588364295707135425
1588364295812000208,1588364295807481569
1588364295912204604,1588364295907330094
1588364296011913619,1588364296007339215
1588364296111851789,1588364296107344187
1588364296211930295,1588364296207444466
1588364296311904097,1588364296307443142
1588364296411622387,1588364296407143213
1588364296511737733,1588364296507139348
1588364296612038209,1588364296607486421
1588364296711654464,1588364296707238821
1588364296812065172,1588364296807623333
1588364296912044263,1588364296907488213
1588364297011727581,1588364297007273146
1588364297111754942,1588364297107201915
1588364297211675971,1588364297207158064
1588364297311659973,1588364297307022695
1588364297411334234,1588364297406767659
1588364297511407569,1588364297506892676
1588364297610896270,1588364297606483206
1588364297711259030,1588364297706623110
1588364297811201978,1588364297806752723
1588364297911402900,1588364297907026615
1588364298011569983,1588364298007101051
1588364298111675496,1588364298107067970
1588364298211369924,1588364298206843833
1588364298311275836,1588364298306807089
1588364298411405515,1588364298406911224
1588364298511634325,1588364298507037771
1588364298611448465,1588364298607087605
1588364298711852558,1588364298707135849
1588364298815288718,1588364298810870509
1588364298912104556,1588364298907077520
1588364299011733090,1588364299007117502
1588364299111761064,1588364299107287657
1588364299211793199,1588364299207024401
1588364299311618206,1588364299307045263
1588364299411552400,1588364299407072525
1588364299511333904,1588364299506799000
1588364299611254450,1588364299606784281
1588364299711469905,1588364299706810635
1588364299811588796,1588364299807020259
1588364299911521180,1588364299906989923
1588364300011417502,1588364300006814478
1588364300111439576,1588364300107039128
1588364300211646420,1588364300206911237
1588364300311387542,1588364300306928512
1588364300411187356,1588364300406747238
1588364300511322962,1588364300506753294
1588364300611454312,1588364300607004595
1588364300711548654,1588364300707003164
1588364300811503887,1588364300806835302
1588364300911701736,1588364300907069540
1588364301011759401,1588364301007175974
1588364301111943843,1588364301107363221
1588364301212000254,1588364301207328740
1588364301311528851,1588364301307068047
1588364301411494439,1588364301407048767
1588364301511683439,1588364301507020620
1588364301611683559,1588364301607124975
1588364301711735491,1588364301707094234
1588364301811340313,1588364301807019027
1588364301911420168,1588364301907043775
1588364302011474450,1588364302006876274
1588364302111380013,1588364302106854481
1588364302211577642,1588364302206881126
1588364302311242386,1588364302306801338
1588364302411410690,1588364302406842449
1588364302511364380,1588364302506918792
1588364302611681829,1588364302607191427
1588364302711835334,1588364302707349144
1588364302812072468,1588364302807569662
1588364302911713844,1588364302907307789
1588364303011535319,1588364303007055119
1588364303111489426,1588364303107027371
1588364303211595256,1588364303206938467
1588364303311307879,1588364303306758259
1588364303411660990,1588364303407012809
1588364303511359736,1588364303506927789
1588364303611540389,1588364303606837927
1588364303711485064,1588364303707010664
1588364303811608696,1588364303807147731
1588364303911784053,1588364303907294051
1588364304011762313,1588364304007297165
1588364304111564044,1588364304107115175
1588364304211813642,1588364304207123050
1588364304311550453,1588364304307019583
1588364304411564106,1588364304407073587
1588364304511571327,1588364304507034599
1588364304611368093,1588364304607003154
1588364304711383616,1588364304706933916
1588364304811394507,1588364304807035186
1588364304911368772,1588364304906997847
1588364305011773559,1588364305007223414
1588364305111683859,1588364305107135061
1588364305211648568,1588364305207112503
1588364305311659004,1588364305307018373
1588364305411684134,1588364305407137915
1588364305511316575,1588364305506891869
1588364305611200577,1588364305606796951
1588364305711731773,1588364305707034313
1588364305811369575,1588364305806868062
1588364305911383510,1588364305906800523
1588364306011362194,1588364306006871679
1588364306111550173,1588364306106872793
1588364306211414267,1588364306206869327
1588364306311404707,1588364306306795628
1588364306411722437,1588364306406819561
1588364306511773142,1588364306507123406
1588364306611595623,1588364306606996373
1588364306714067331,1588364306709186796
1588364306811534570,1588364306807092894
1588364306911512763,1588364306907099599
1588364307011423743,1588364307007005753
1588364307111439069,1588364307107016980
1588364307211428367,1588364307207013845
1588364307311402359,1588364307307013324
1588364307411684460,1588364307406993610
1588364307511234909,1588364307506747849
1588364307611439851,1588364307606915348
1588364307711444990,1588364307706927078
1588364307811232144,1588364307806804341
1588364307911347393,1588364307906929978
1588364308011546799,1588364308007077710
1588364308111503518,1588364308107101978
1588364308211841841,1588364308207136280
1588364308311802899,1588364308307194595
1588364308411701353,1588364308407108136
1588364308511866391,1588364308507150584
1588364308611660209,1588364308607166169
1588364308711573370,1588364308707158387
1588364308811563175,1588364308807066704
1588364308911563545,1588364308907068618
1588364309011702219,1588364309007191773
1588364309111626969,1588364309107099624
1588364309211728497,1588364309207090475
1588364309311470636,1588364309307051033
1588364309411765229,1588364309407114991
1588364309511722796,1588364309507026191
1588364309611670771,1588364309607130817
1588364309711238086,1588364309706820842
1588364309811346101,1588364309807003077
1588364309911553024,1588364309906936356
1588364310011206028,1588364310006706213
1588364310111235226,1588364310106802308
1588364310211601148,1588364310207112442
1588364310311727711,1588364310307096951
1588364310411526660,1588364310406864864
1588364310511450982,1588364310507007511
1588364310611449618,1588364310607006968
1588364310711486203,1588364310707022822
1588364310811397720,1588364310807032381
1588364310911205302,1588364310906719569
1588364311011364830,1588364311006946923
1588364311111636205,1588364311107025864
1588364311211825090,1588364311207199135
1588364311311547778,1588364311307095391
1588364311411471910,1588364311407001558
1588364311511342914,1588364311506731076
1588364311611252972,1588364311606677589
1588364311711119696,1588364311706634810
1588364311811111493,1588364311806639007
1588364311911081459,1588364311906667697
1588364312011292742,1588364312006714031
1588364312111404038,1588364312107014957
1588364312211547708,1588364312207010992
1588364312311449690,1588364312307056901
1588364312411752399,1588364312407092908
1588364312511458843,1588364312507036032
1588364312611177831,1588364312606849685
1588364312711311034,1588364312706709779
1588364312811001468,1588364312806588012
1588364312911192175,1588364312906569845
1588364313011077521,1588364313006577776
1588364313111228090,1588364313106592485
1588364313211241836,1588364313206724372
1588364313311694640,1588364313307015899
1588364313411566245,1588364313407109850
1588364313511544811,1588364313507016155
1588364313611271250,1588364313606896516
1588364313711370061,1588364313707006848
1588364313811462225,1588364313806836575
1588364313911454604,1588364313906815874
1588364314011098867,1588364314006621708
1588364314111148872,1588364314106664461
1588364314211438874,1588364314206559169
1588364314311579102,1588364314306870863
1588364314411201078,1588364314406766896
1588364314510985583,1588364314506504193
1588364314611021490,1588364314606400054
1588364314711009805,1588364314706545822
1588364314811082316,1588364314806581858
1588364314911158955,1588364314906645481
1588364315011141179,1588364315006660166
1588364315111302210,1588364315106654111
1588364315211567817,1588364315206649880
1588364315311520613,1588364315306805655
1588364315411433309,1588364315406684153
1588364315511072422,1588364315506511630
1588364315611065733,1588364315606586389
1588364315710975838,1588364315706528784
1588364315811006881,1588364315806564240
1588364315911059231,1588364315906592055
1588364316010946741,1588364316006445728
1588364316111139815,1588364316106647207
1588364316211047879,1588364316206587565
1588364316311868830,1588364316306991654
1588364316411398994,1588364316406915537
1588364316511827809,1588364316506986475
1588364316611488552,1588364316606783758
1588364316711052938,1588364316706712089
1588364316811300206,1588364316806716358
1588364316911483966,1588364316906742217
1588364317011682772,1588364317007010572
1588364317111381518,1588364317106849383
1588364317211657895,1588364317207014660
1588364317311740376,1588364317307117186
1588364317411393155,1588364317407012176
1588364317511316650,1588364317506941449
1588364317611175307,1588364317606688992
1588364317711186916,1588364317706674916
1588364317811139544,1588364317806722152
1588364317911137958,1588364317906718589
1588364318011090821,1588364318006693656
1588364318111094853,1588364318106665057
1588364318211324355,1588364318206678539
1588364318311391264,1588364318306768830
1588364318411596805,1588364318407000245
1588364318511364859,1588364318506765994
1588364318611222435,1588364318606801244
1588364318711624334,1588364318707018727
1588364318811588464,1588364318806916096
1588364318911123834,1588364318906680570
1588364319011257065,1588364319006649365
1588364319111339716,1588364319106717203
1588364319211660276,1588364319206888911
1588364319311388606,1588364319306852619
1588364319411703181,1588364319407033873
1588364319511548450,1588364319507057793
1588364319611878451,1588364319607345877
1588364319711786813,1588364319707274473
1588364319811737042,1588364319807179408
1588364319911803664,1588364319907151059
1588364320011661450,1588364320007000697
1588364320111716176,1588364320107003211
1588364320211337596,1588364320206690245
1588364320311089419,1588364320306528111
1588364320411120433,1588364320406563749
1588364320511583578,1588364320506690163
1588364320611555950,1588364320607025331
1588364320711314197,1588364320706805661
1588364320811256164,1588364320806833528
1588364320911481931,1588364320906804938
1588364321011265814,1588364321006788328
1588364321111458847,1588364321107040123
1588364321211525518,1588364321206809134
1588364321311443343,1588364321306934230
1588364321411272360,1588364321406914650
1588364321511516182,1588364321507038987
1588364321611545745,1588364321607017437
1588364321711348730,1588364321706938437
1588364321811646180,1588364321807000789
1588364321911310390,1588364321906751722
1588364322011319697,1588364322006698755
1588364322111576351,1588364322106657192
1588364322211271293,1588364322206718413
1588364322311675929,1588364322306946485
1588364322411410215,1588364322407046081
1588364322511720887,1588364322507191206
1588364322611607412,1588364322607119554
1588364322711739074,1588364322707211558
1588364322811799159,1588364322807108058
1588364322911496117,1588364322907031867
1588364323011665270,1588364323007038320
1588364323111389913,1588364323106701355
1588364323211310868,1588364323206620248
1588364323311227398,1588364323306600730
1588364323411145028,1588364323406693360
1588364323511589966,1588364323506916960
1588364323611484190,1588364323606868184
1588364323711503726,1588364323706815008
1588364323811697284,1588364323806753846
1588364323911342875,1588364323906825147
1588364324011685193,1588364324007028624
1588364324111382898,1588364324107005020
1588364324211513159,1588364324206765696
1588364324311384645,1588364324306747087
1588364324411424947,1588364324406774631
1588364324511649922,1588364324506944282
1588364324611563587,1588364324607000841
1588364324711581820,1588364324707013530
1588364324811413335,1588364324807031131
1588364324911601920,1588364324907035663
1588364325011646496,1588364325006870652
1588364325111558490,1588364325106995495
1588364325211583349,1588364325206946566
1588364325311645232,1588364325306999777
1588364325411602241,1588364325407011824
1588364325511675464,1588364325506996668
1588364325611346179,1588364325606741092
1588364325711382259,1588364325706703619
1588364325811164413,1588364325806652465
1588364325911050938,1588364325906593901
1588364326011248703,1588364326006539493
1588364326111053284,1588364326106411233
1588364326211349503,1588364326206624960
1588364326311736051,1588364326307000086
1588364326411560556,1588364326406852417
1588364326511605699,1588364326507022303
1588364326611645062,1588364326606893284
1588364326711631020,1588364326706994992
1588364326811677282,1588364326806995581
1588364326911363649,1588364326906737161
1588364327011123410,1588364327006647169
1588364327111155788,1588364327106687076
1588364327211494495,1588364327206923174
1588364327311453423,1588364327307016583
1588364327411364464,1588364327406861223
1588364327511512161,1588364327507003838
1588364327611489828,1588364327606767514
1588364327711194170,1588364327706629624
1588364327811037995,1588364327806534690
1588364327910909673,1588364327906450151
1588364328010913335,1588364328006272380
1588364328110853848,1588364328106306902
1588364328211066965,1588364328206453680
1588364328311172651,1588364328306478766
1588364328411066081,1588364328406571617
1588364328511251065,1588364328506661660
1588364328611312877,1588364328606721278
1588364328711185771,1588364328706688738
1588364328811117882,1588364328806550291
1588364328911018819,1588364328906357514
1588364329010893158,1588364329006198648
1588364329110847669,1588364329106266749
1588364329210859707,1588364329206099050
1588364329311138306,1588364329306366718
1588364329411236283,1588364329406591219
1588364329511427046,1588364329506726053
1588364329611345505,1588364329606772077
1588364329711335449,1588364329706782106
1588364329811192251,1588364329806715672
1588364329911075403,1588364329906608317
1588364330011029213,1588364330006490203
1588364330110981227,1588364330106348884
1588364330210456043,1588364330206115210
1588364330311024848,1588364330306343874
1588364330411018625,1588364330406483755
1588364330511259502,1588364330506629126
1588364330611273968,1588364330606716173
1588364330711261727,1588364330706792908
1588364330811485129,1588364330806873867
1588364330911359603,1588364330906797249
1588364331011520433,1588364331007012243
1588364331111196629,1588364331106638696
1588364331211154003,1588364331206580018
1588364331310668165,1588364331306187372
1588364331410783996,1588364331406253230
1588364331510449275,1588364331506098836
1588364331610524925,1588364331606071278
1588364331710813891,1588364331706306493
1588364331811222835,1588364331806655493
1588364331911773528,1588364331906877715
1588364332011758005,1588364332007091608
1588364332111867091,1588364332107330237
1588364332211556628,1588364332207098214
1588364332311635986,1588364332307032215
1588364332411737746,1588364332406993283
1588364332511029736,1588364332506526919
1588364332610916744,1588364332606189023
1588364332710476110,1588364332706100268
1588364332810823947,1588364332806151313
1588364332910560139,1588364332906185478
1588364333010783511,1588364333006290404
1588364333111000256,1588364333106456957
1588364333211152049,1588364333206506173
1588364333311160007,1588364333306707400
1588364333410973179,1588364333406444637
1588364333511155510,1588364333506581330
1588364333611140907,1588364333606571267
1588364333711091274,1588364333706528174
1588364333811086130,1588364333806599277
1588364333910673958,1588364333906291787
1588364334010543513,1588364334006161092
1588364334110567702,1588364334106098248
1588364334210930944,1588364334206304113
1588364334310604097,1588364334306077801
1588364334410574628,1588364334406122601
1588364334510935290,1588364334506391973
1588364334611246144,1588364334606582327
1588364334711132121,1588364334706675106
1588364334811385144,1588364334806724285
1588364334911179279,1588364334906702180
1588364335011053214,1588364335006485738
1588364335111157681,1588364335106539635
1588364335211386353,1588364335206499288
1588364335311128915,1588364335306516445
1588364335411113584,1588364335406438348
1588364335511070718,1588364335506611428
1588364335611113064,1588364335606596269
1588364335711329412,1588364335706692903
1588364335811144376,1588364335806641693
1588364335911536368,1588364335906826319
1588364336011250663,1588364336006626713
1588364336111411353,1588364336106699909
1588364336211416350,1588364336206634956
1588364336311278776,1588364336306699514
1588364336411032277,1588364336406534786
1588364336511150729,1588364336506616640
1588364336611405672,1588364336606693482
1588364336711358116,1588364336706761079
1588364336811163654,1588364336806734352
1588364336911107794,1588364336906657229
1588364337011073467,1588364337006606186
1588364337111132030,1588364337106585675
1588364337211115421,1588364337206549551
1588364337310890274,1588364337306464881
1588364337410765000,1588364337406280619
1588364337510780617,1588364337506276142
1588364337611129081,1588364337606553805
1588364337711203408,1588364337706540232
1588364337811056647,1588364337806601623
1588364337911129684,1588364337906530509
1588364338011224606,1588364338006516346
1588364338111289464,1588364338106587240
1588364338211063630,1588364338206506135
1588364338311026740,1588364338306488358
1588364338411121598,1588364338406576937
1588364338511096604,1588364338506506195
1588364338611180978,1588364338606589482
1588364338711078279,1588364338706551930
1588364338811450779,1588364338806740860
1588364338911353002,1588364338906680976
1588364339011160059,1588364339006577377
1588364339110828541,1588364339106384853
1588364339211375820,1588364339206575142
1588364339310928175,1588364339306496711
1588364339411040039,1588364339406553235
1588364339510842055,1588364339506358594
1588364339611168283,1588364339606696244
1588364339711105119,1588364339706655809
1588364339811066517,1588364339806541721
1588364339911321461,1588364339906627597
1588364340011032084,1588364340006449301
1588364340110937644,1588364340106523202
1588364340210999804,1588364340206357677
1588364340310486486,1588364340306024234
1588364340410552124,1588364340406009429
1588364340509251201,1588364340505944991
1588364340610841174,1588364340606147612
1588364340710825527,1588364340706329745
1588364340811237235,1588364340806681587
1588364340911132014,1588364340906628931
1588364341011330726,1588364341006776436
1588364341111201356,1588364341106766565
1588364341211397366,1588364341206654056
1588364341311201406,1588364341306690791
1588364341411000633,1588364341406355479
1588364341510553947,1588364341506049482
1588364341610395119,1588364341606012777
1588364341710515545,1588364341706066874
1588364341810597398,1588364341806156538
1588364341910889343,1588364341906363705
1588364342010996181,1588364342006504457
1588364342111158514,1588364342106537184
1588364342211101637,1588364342206626278
1588364342311485357,1588364342306848547
1588364342411407877,1588364342406889227
1588364342511393304,1588364342506852972
1588364342611317758,1588364342606852683
1588364342711293285,1588364342706854100
1588364342811297332,1588364342806847450
1588364342911507788,1588364342906854829
1588364343011346742,1588364343006866690
1588364343108627633,1588364343106620854
1588364343211621985,1588364343206917178
1588364343311339011,1588364343306704376
1588364343411197859,1588364343406639963
1588364343511146578,1588364343506555716
1588364343611135414,1588364343606557435
1588364343711006403,1588364343706344214
1588364343810997209,1588364343806533276
1588364343911136026,1588364343906572106
1588364344011238306,1588364344006630438
1588364344111317899,1588364344106771274
1588364344211255306,1588364344206577846
1588364344311078201,1588364344306525741
1588364344411063223,1588364344406462511
1588364344511038337,1588364344506500887
1588364344611126029,1588364344606591039
1588364344711146035,1588364344706680579
1588364344811620582,1588364344806999066
1588364344911471687,1588364344906877251
1588364345011436227,1588364345006795988
1588364345111498084,1588364345106791483
1588364345211569346,1588364345206828448
1588364345311426583,1588364345306791176
1588364345411253059,1588364345406659405
1588364345511265386,1588364345506742796
1588364345611145276,1588364345606677602
1588364345711018934,1588364345706573257
1588364345811134055,1588364345806495934
1588364345911062803,1588364345906488701
1588364346011022903,1588364346006480904
1588364346111101379,1588364346106583808
1588364346211157524,1588364346206648084
1588364346311329062,1588364346306726719
1588364346411324289,1588364346406744632
1588364346511607762,1588364346506930891
1588364346611555367,1588364346607009502
1588364346711248688,1588364346706851528
1588364346811676668,1588364346807024585
1588364346911907680,1588364346907259351
1588364347011499552,1588364347007066923
1588364347111454623,1588364347107035714
1588364347211308859,1588364347206815065
1588364347311040132,1588364347306571452
1588364347411276576,1588364347406792606
1588364347511252841,1588364347506789352
1588364347611109950,1588364347606549985
1588364347710915207,1588364347706552420
1588364347811085076,1588364347806620598
1588364347911167182,1588364347906749260
1588364348011214930,1588364348006797259
1588364348111111820,1588364348106634072
1588364348211026684,1588364348206541511
1588364348310930352,1588364348306526295
1588364348411156644,1588364348406521913
1588364348511354757,1588364348506627878
1588364348611361176,1588364348606776509
1588364348711230881,1588364348706807598
1588364348811271637,1588364348806782801
1588364348911372624,1588364348906797712
1588364349011431365,1588364349006777819
1588364349111477376,1588364349106797312
1588364349211524189,1588364349206775885
1588364349311317846,1588364349306771920
1588364349411407320,1588364349406785102
1588364349511081576,1588364349506715979
1588364349611363748,1588364349606687577
1588364349711176823,1588364349706543200
1588364349811137621,1588364349806506625
1588364349911042861,1588364349906469396
1588364350011166366,1588364350006535567
1588364350111375026,1588364350106667328
1588364350211373657,1588364350206733835
1588364350311290454,1588364350306654762
1588364350411128983,1588364350406470127
1588364350510770729,1588364350506151363
1588364350610681060,1588364350606062197
1588364350710541668,1588364350706006040
1588364350810446481,1588364350805936852
1588364350910493133,1588364350906015784
1588364351011313615,1588364351006250561
1588364351110900206,1588364351106262727
1588364351211081862,1588364351206411886
1588364351310898449,1588364351306402785
1588364351411043408,1588364351406360889
1588364351510415763,1588364351506093430
1588364351610329006,1588364351606015464
1588364351710310244,1588364351705911448
1588364351810355092,1588364351805916926
1588364351910828968,1588364351906210453
1588364352010936050,1588364352006314032
1588364352111047387,1588364352106433145
1588364352211160261,1588364352206622062
1588364352311154787,1588364352306677119
1588364352411023063,1588364352406625987
1588364352511052382,1588364352506558207
1588364352611176781,1588364352606452801
1588364352710856616,1588364352706377153
1588364352811051625,1588364352806355602
1588364352910840845,1588364352906247199
1588364353010855672,1588364353006359411
1588364353110864408,1588364353106245073
1588364353211054284,1588364353206221242
1588364353311014406,1588364353306260710
1588364353410431141,1588364353406103877
1588364353510841971,1588364353506221698
1588364353610855701,1588364353606201242
