recv_stamp,msg_stamp
1592929730903260181,1592929730556103424
1592929731036347172,1592929730656091648
1592929731159196288,1592929730756075776
1592929731285707037,1592929730856074240
1592929731417340048,1592929730956035072
1592929731542835917,1592929731056004608
1592929731669298666,1592929731155891200
1592929731798459135,1592929731255811072
1592929731931920145,1592929731355719168
1592929732059190809,1592929731455599872
1592929732184214579,1592929731555543552
1592929732310774941,1592929731655576576
1592929732437031353,1592929731755621632
1592929732564559807,1592929731855680512
1592929732679510051,1592929731955741184
1592929732806206799,1592929732055784448
1592929732934517784,1592929732155799040
1592929733067377284,1592929732255820288
1592929733195028565,1592929732355808000
1592929733321301959,1592929732455753472
1592929733449488604,1592929732555713536
1592929733576077776,1592929732655777536
1592929733685657262,1592929732755828224
1592929733814787558,1592929732855901440
1592929733944062953,1592929732955945984
1592929734070849535,1592929733055900416
1592929734197143003,1592929733155856384
1592929734328271706,1592929733255742976
1592929734455437869,1592929733355546880
1592929734584227385,1592929733455425024
1592929734710933390,1592929733555626752
1592929734836515870,1592929733655812864
1592929734964925658,1592929733755898880
1592929735091606731,1592929733855908352
1592929735219980670,1592929733955951872
1592929735318569183,1592929734055942656
1592929735445271725,1592929734157394432
1592929735574496570,1592929734255724288
1592929735695854202,1592929734355592448
1592929735729113342,1592929734534434560
1592929735856235851,1592929734555512320
1592929735982500276,1592929734655385856
1592929736084903358,1592929734755287552
1592929736148277632,1592929734906792448
1592929736273345861,1592929734955262720
1592929736400769194,1592929735055290368
1592929736462998220,1592929735155289088
1592929736564294870,1592929735282676736
1592929736696648625,1592929735355334144
1592929736825033315,1592929735455328000
1592929736853751369,1592929735555369216
1592929736975718635,1592929735662411008
1592929737102353697,1592929735755504384
1592929737227775423,1592929735855659264
1592929737243514587,1592929736048828416
1592929737371600820,1592929736055856128
1592929737494347566,1592929736155775232
1592929737609093811,1592929736255601408
1592929737637516566,1592929736439071488
1592929737763019793,1592929736455487744
1592929737888430156,1592929736555581696
1592929737991891335,1592929736655584256
1592929738020302995,1592929736838316288
1592929738145686168,1592929736855490816
1592929738274202517,1592929736955438336
1592929738379826741,1592929737055411712
1592929738469432413,1592929737196058112
1592929738596803593,1592929737255421696
1592929738726188552,1592929737355438336
1592929738772485700,1592929737455471104
1592929738882137983,1592929737574206976
1592929739011035471,1592929737655517440
1592929739132091127,1592929737755618304
1592929739150234120,1592929737855744000
1592929739275801199,1592929737958171904
1592929739404675139,1592929738055836928
1592929739526435585,1592929738155789568
1592929739546940646,1592929738343951616
1592929739675315143,1592929738355677696
1592929739804158166,1592929738455690496
1592929739917011943,1592929738555599872
1592929739930979222,1592929738753919232
1592929740060672261,1592929738755481600
1592929740187142559,1592929738855456512
1592929740306243512,1592929738955461888
1592929740333108271,1592929739138314240
1592929740461644456,1592929739155493888
1592929740587397051,1592929739255429376
1592929740693105706,1592929739355351296
1592929740785068428,1592929739492641792
1592929740912276828,1592929739555012352
1592929741041106917,1592929739654927872
1592929741082861510,1592929739754962688
1592929741186575279,1592929739879262464
1592929741310902627,1592929739955128064
1592929741437406023,1592929740055262720
1592929741461844285,1592929740155354624
1592929741574677446,1592929740271743744
1592929741701160635,1592929740355272704
1592929741829736777,1592929740455192576
1592929741847832909,1592929740555153920
1592929741975790872,1592929740656796416
1592929742095725301,1592929740755366144
1592929742214193190,1592929740855433472
1592929742335602638,1592929741064853248
1592929742465186090,1592929741155424768
1592929742591785082,1592929741255390208
1592929742609823587,1592929741355376384
1592929742739519603,1592929741455326208
1592929742866794334,1592929741555267328
1592929742980892616,1592929741655274752
1592929743016142711,1592929741832599040
1592929743145645130,1592929741855243776
1592929743272262871,1592929741955216896
1592929743370801008,1592929742055246080
1592929743470596515,1592929742184152832
1592929743601854151,1592929742255218688
1592929743729539270,1592929742355225600
1592929743762165870,1592929742455201024
1592929743859372742,1592929742587222272
1592929743986320092,1592929742655184128
1592929744114507754,1592929742755150080
1592929744158771102,1592929742855139072
1592929744285964597,1592929742955198464
1592929744414580890,1592929743055258624
1592929744530775839,1592929743155301632
1592929744564666778,1592929743335908096
1592929744694072159,1592929743355455488
1592929744821091103,1592929743455420672
1592929744909692397,1592929743555294464
1592929744935814396,1592929743744186112
1592929745064565581,1592929743755117312
1592929745191827500,1592929743855085568
1592929745304256558,1592929743955077120
1592929745334911747,1592929744133149952
1592929745466657104,1592929744155015424
1592929745595360030,1592929744255006976
1592929745689481995,1592929744354988288
1592929745778030205,1592929744492497920
1592929745903379846,1592929744555009280
1592929746031482066,1592929744655046912
1592929746071084039,1592929744754993920
1592929746166513709,1592929744887814912
1592929746292734798,1592929744955039744
1592929746421341817,1592929745055079168
1592929746456206432,1592929745155109376
1592929746571652986,1592929745267685632
1592929746697577421,1592929745355201280
1592929746820059481,1592929745455149056
1592929746833894160,1592929745555038976
1592929746956762019,1592929745660409344
1592929747085594787,1592929745754929664
1592929747211348061,1592929745854990592
1592929747337150157,1592929746055840768
1592929747447530968,1592929746155047936
1592929747567342532,1592929746255069440
1592929747591740272,1592929746440961024
1592929747718028082,1592929746455013632
1592929747843304182,1592929746554929408
1592929747950703807,1592929746654824960
1592929747998164921,1592929746819586560
1592929748123480865,1592929746854746112
1592929748248477977,1592929746954747648
1592929748327949807,1592929747054742272
1592929748432062935,1592929747177478656
1592929748557997941,1592929747254966272
1592929748683230408,1592929747355085056
1592929748727717779,1592929747455080704
1592929748853415957,1592929747555030272
1592929748978357825,1592929747654938368
1592929749074304122,1592929747754887680
1592929749135268271,1592929747915816192
1592929749245364109,1592929747954895872
1592929749372658659,1592929748054940672
1592929749443542865,1592929748155055360
1592929749526568107,1592929748299696896
1592929749652530210,1592929748355181568
1592929749781154422,1592929748455145984
1592929749827378089,1592929748555077888
1592929749919991496,1592929748692465408
1592929750049884211,1592929748754902528
1592929750173881261,1592929748854908160
1592929750223155636,1592929748955001344
1592929750351605724,1592929749055029504
1592929750477838564,1592929749155074816
1592929750587127359,1592929749255149056
1592929750632469681,1592929749420142592
1592929750758318436,1592929749455322880
1592929750885541950,1592929749555357184
1592929750970530713,1592929749655404288
1592929751032019750,1592929749811703552
1592929751160961350,1592929749855464192
1592929751292336513,1592929749955419136
1592929751369565101,1592929750055413504
1592929751455319937,1592929750197632256
1592929751584113894,1592929750255375616
1592929751710943233,1592929750355297536
1592929751757325949,1592929750455210752
1592929751887920984,1592929750555150336
1592929752015769396,1592929750655051264
1592929752136495354,1592929750754972672
1592929752164440785,1592929750936924416
1592929752292911357,1592929750954902784
1592929752425244127,1592929751054990080
1592929752530122278,1592929751155109888
1592929752564274168,1592929751334251008
1592929752692279144,1592929751355362048
1592929752820751962,1592929751455396608
1592929752923705761,1592929751555323136
1592929752950600286,1592929751739462656
1592929753080462818,1592929751755067648
1592929753207204159,1592929751854921984
1592929753293676898,1592929751954805248
1592929753377143467,1592929752100849920
1592929753502341698,1592929752154763264
1592929753630070076,1592929752254804224
1592929753680302337,1592929752354947840
1592929753770192265,1592929752493521408
1592929753896475263,1592929752555317504
1592929754024893828,1592929752655376896
1592929754067111380,1592929752755383552
1592929754165222679,1592929752885747712
1592929754295344399,1592929752955276288
1592929754425292905,1592929753055395840
1592929754460849910,1592929753155477504
1592929754566587174,1592929753278193920
1592929754692769267,1592929753355539456
1592929754821193000,1592929753455511296
1592929754843117210,1592929753555444224
1592929754965936424,1592929753662397696
1592929755094605528,1592929753755251968
1592929755221602719,1592929753855150848
1592929755236778379,1592929754049572352
1592929755366024930,1592929754055037440
1592929755495431648,1592929754154985472
1592929755611256769,1592929754255046144
1592929755633898400,1592929754441933056
1592929755762086853,1592929754455215872
1592929755887890131,1592929754555234304
1592929755995936589,1592929754655249152
1592929756031774667,1592929754829607424
1592929756157991584,1592929754855417600
1592929756286365501,1592929754955450624
1592929756381741756,1592929755055426304
1592929756479750068,1592929755187294464
1592929756606983591,1592929755255232768
1592929756736139650,1592929755355327744
1592929756772951075,1592929755455416576
1592929756877866420,1592929755576559872
1592929757003206480,1592929755655415296
1592929757128498376,1592929755755280896
1592929757151085864,1592929755855117824
1592929757272437488,1592929755961197056
1592929757397985400,1592929756054822400
1592929757522831239,1592929756154784256
1592929757539560153,1592929756347201024
1592929757667178033,1592929756355024384
1592929757793062750,1592929756455134208
1592929757906328978,1592929756555240448
1592929758032534167,1592929756755344128
1592929758158097155,1592929756855254272
1592929758277435188,1592929756955177472
1592929758305981981,1592929757136400128
1592929758432776513,1592929757155146496
1592929758561385671,1592929757255125504
1592929758665096445,1592929757355038208
1592929758759710343,1592929757490883584
1592929758887141094,1592929757554983424
1592929759011541588,1592929757655116800
1592929759048985556,1592929757755188224
1592929759161471302,1592929757871524608
1592929759287634886,1592929757955056640
1592929759416336397,1592929758055022848
1592929759444025824,1592929758155060480
1592929759572195333,1592929758255087616
1592929759698052571,1592929758355049984
1592929759809463302,1592929758455001600
1592929759844883386,1592929758629245952
1592929759971088345,1592929758655035904
1592929760100006888,1592929758755036928
1592929760198473424,1592929758855031296
1592929760231783984,1592929759033777408
1592929760358077913,1592929759054858496
1592929760486456029,1592929759154839552
1592929760586344925,1592929759254805504
1592929760634210081,1592929759418930176
1592929760762076199,1592929759454901248
1592929760891018429,1592929759554970112
1592929760969367316,1592929759654982144
1592929761077759199,1592929759774519040
1592929761206251093,1592929759855138304
1592929761332570229,1592929759955343616
1592929761352901195,1592929760055403264
1592929761474767906,1592929760160792320
1592929761601327277,1592929760255167744
1592929761726067867,1592929760355010048
1592929761739139220,1592929760551796480
1592929761868801920,1592929760554920192
1592929761995883143,1592929760654943232
1592929762111757713,1592929760754964480
1592929762133641509,1592929760941657344
1592929762264612549,1592929760954937344
1592929762392314049,1592929761054943488
1592929762502884461,1592929761154913280
1592929762534586491,1592929761338363136
1592929762661483197,1592929761354771968
1592929762790631907,1592929761454813952
1592929762896030581,1592929761554833664
1592929762989337860,1592929761693218816
1592929763119171101,1592929761755006976
1592929763251436193,1592929761855087360
1592929763300393906,1592929761955088128
1592929763406118840,1592929762079233024
1592929763534805410,1592929762154929408
1592929763661688607,1592929762254813952
1592929763689973362,1592929762354780160
1592929763808921508,1592929762465699072
1592929763936406501,1592929762554712320
1592929764064920963,1592929762654657536
1592929764080482816,1592929762754707968
1592929764202364944,1592929762860268288
1592929764330129677,1592929762954868224
1592929764455472305,1592929763054898944
1592929764562152999,1592929763275174912
1592929764686478010,1592929763354902016
1592929764812701862,1592929763455011840
1592929764834954726,1592929763555122688
1592929764946613486,1592929763672398592
1592929765072804843,1592929763755262208
1592929765200585257,1592929763855198976
1592929765221243893,1592929763955094784
1592929765344274770,1592929764061969920
1592929765471062749,1592929764154771456
1592929765603833720,1592929764254703104
1592929765667457106,1592929764421990656
1592929765792936668,1592929764454840832
1592929765921562773,1592929764554959872
1592929766012491054,1592929764655115264
1592929766073135345,1592929764819993344
1592929766200284552,1592929764855127040
1592929766329264385,1592929764955053824
1592929766409545079,1592929765054972928
1592929766492218428,1592929765204093696
1592929766620728021,1592929765254874368
1592929766749750357,1592929765354879744
1592929766803191839,1592929765454875136
1592929766921909421,1592929765564278784
1592929767049942978,1592929765654945536
1592929767179477007,1592929765754970112
1592929767193971615,1592929765854979584
1592929767310766197,1592929765975321088
1592929767438515071,1592929766054974720
1592929767571251411,1592929766154925568
1592929767599557811,1592929766254873344
1592929767701845708,1592929766380621568
1592929767830338512,1592929766454795008
1592929767959284573,1592929766554840832
1592929767985293842,1592929766654965760
1592929768084832395,1592929766785529344
1592929768214145989,1592929766855052032
1592929768341118510,1592929766955001088
1592929768375922914,1592929767054935808
1592929768485553331,1592929767175209728
1592929768612066411,1592929767254859264
1592929768741076181,1592929767354768128
1592929768764246888,1592929767454627072
1592929768870753742,1592929767578058752
1592929768997535537,1592929767654709504
1592929769126206764,1592929767754855936
1592929769151939301,1592929767854977280
1592929769265275034,1592929767971485952
1592929769392443236,1592929768055083520
1592929769521334407,1592929768155057408
1592929769538227658,1592929768254969856
1592929769665442666,1592929768357995008
1592929769795219245,1592929768454820608
1592929769917542765,1592929768554808320
1592929769933155870,1592929768748510976
1592929770044690140,1592929768754760704
1592929770171245296,1592929768854829568
1592929770285358114,1592929768954901760
1592929770316053910,1592929769136298496
1592929770444800752,1592929769155047936
1592929770571218400,1592929769255051008
1592929770674234622,1592929769355012096
1592929770717742932,1592929769523631616
1592929770845569073,1592929769554864896
1592929770972204691,1592929769654802688
1592929771064594119,1592929769754803712
1592929771165083377,1592929769884627712
1592929771292185718,1592929769954966528
1592929771420973887,1592929770054990848
1592929771454578714,1592929770155008768
1592929771582359163,1592929770255013120
1592929771711201263,1592929770355001088
1592929771829525609,1592929770455042304
1592929771857390398,1592929770638633472
1592929771985375480,1592929770655031552
1592929772094623475,1592929770754993152
1592929772200101863,1592929770855030528
1592929772242682034,1592929771027677952
1592929772370860097,1592929771055017472
1592929772502356765,1592929771154994432
1592929772598150718,1592929771254898944
1592929772627184404,1592929771437518848
1592929772755470786,1592929771454689280
1592929772882270484,1592929771554675456
1592929772986388475,1592929771654720768
1592929773073201037,1592929771794120960
1592929773201512402,1592929771855177216
1592929773311136554,1592929771955230976
1592929773354123045,1592929772055164416
1592929773471280046,1592929772165170944
1592929773600465813,1592929772254916864
1592929773729426310,1592929772354838016
1592929773743197072,1592929772454839808
1592929773867943026,1592929772561154304
1592929773995486551,1592929772654951680
1592929774121988371,1592929772755019008
1592929774136208857,1592929772951833088
1592929774265688310,1592929772954955008
1592929774391814411,1592929773054859776
1592929774509924449,1592929773154899456
1592929774538581065,1592929773337846528
1592929774648589280,1592929773355033088
1592929774776183967,1592929773454994688
1592929774880341818,1592929773554952448
1592929774920851061,1592929773726080000
1592929775047135916,1592929773754998528
1592929775175600542,1592929773854963200
1592929775268861114,1592929773954853632
1592929775364885069,1592929774087591424
1592929775494173813,1592929774154807808
1592929775621388852,1592929774254953728
1592929775655753671,1592929774355016960
1592929775745682834,1592929774475291648
1592929775875400623,1592929774554843136
1592929776004597007,1592929774654813440
1592929776037994104,1592929774754813952
1592929776165684785,1592929774854814464
1592929776294383929,1592929774954810368
1592929776405582688,1592929775054828288
1592929776439583864,1592929775233075456
1592929776566586952,1592929775254953728
1592929776696004775,1592929775354923264
1592929776798189882,1592929775454824704
1592929776823714905,1592929775640547584
1592929776951180611,1592929775654605312
1592929777079838496,1592929775754589440
1592929777185750298,1592929775854590464
1592929777243627563,1592929776011005952
1592929777371210042,1592929776054814976
1592929777497243817,1592929776154898688
1592929777564330688,1592929776254935808
1592929777675603106,1592929776371361280
1592929777804794316,1592929776454925312
1592929777931486644,1592929776554914560
1592929777949925736,1592929776654917888
1592929778074700739,1592929776761175296
1592929778204154409,1592929776854940160
1592929778333110593,1592929776954989056
1592929778347613261,1592929777151990016
1592929778475813267,1592929777155114752
1592929778602162842,1592929777255115008
1592929778720841667,1592929777355160320
1592929778744834574,1592929777540368128
1592929778872367533,1592929777555205120
1592929778998556827,1592929777655192832
1592929779105965450,1592929777755152896
1592929779138816470,1592929777933932544
1592929779266899357,1592929777955011840
1592929779393058709,1592929778054908160
1592929779495263387,1592929778154852608
1592929779572085802,1592929778296236032
1592929779700001877,1592929778354813184
1592929779826742917,1592929778454750208
1592929779872065460,1592929778554704384
1592929779969693887,1592929778685893888
1592929780096342373,1592929778754599424
1592929780225489808,1592929778854647040
1592929780261554706,1592929778954730240
1592929780372639364,1592929779070439168
1592929780498219553,1592929779154860800
1592929780626129067,1592929779254893568
1592929780644106076,1592929779354805504
1592929780769697956,1592929779458634752
1592929780897109224,1592929779554667008
1592929781021590900,1592929779654589440
1592929781033791338,1592929779854003456
1592929781162121230,1592929779854786560
1592929781287936929,1592929779954905088
1592929781410069692,1592929780054918912
1592929781433117513,1592929780243269120
1592929781561645942,1592929780254989824
1592929781690873641,1592929780355001600
1592929781800774744,1592929780454986240
1592929781840726791,1592929780627526144
1592929781967460910,1592929780654852608
1592929782077879542,1592929780754792960
1592929782174819892,1592929780854806272
1592929782271106206,1592929780987614976
1592929782397744413,1592929781054800640
1592929782523163125,1592929781154825728
1592929782558199151,1592929781254803456
1592929782666925484,1592929781374342656
1592929782793080773,1592929781454796544
1592929782921789015,1592929781554800640
1592929782942578025,1592929781654866432
1592929783058084563,1592929781765760512
1592929783183748000,1592929781854785280
1592929783311053731,1592929781954805760
1592929783340107961,1592929782054810624
1592929783467248260,1592929782154798848
1592929783597855303,1592929782254742528
1592929783700805933,1592929782354653440
1592929783724448772,1592929782542816256
1592929783835961667,1592929782554536704
1592929783964615299,1592929782654613248
1592929784074775902,1592929782754800128
1592929784115954656,1592929782927888128
1592929784247586582,1592929782955279872
1592929784375203462,1592929783055370496
1592929784464088060,1592929783155279104
1592929784524953145,1592929783308005888
1592929784652375552,1592929783354752256
1592929784783456007,1592929783454522624
1592929784838046321,1592929783554312960
1592929784955090945,1592929783666721792
1592929785082322442,1592929783754262272
1592929785213466489,1592929783854326272
1592929785245079257,1592929783954423808
1592929785372735578,1592929784054617344
1592929785500538315,1592929784154754048
1592929785605950691,1592929784254860032
1592929785638807434,1592929784433806592
1592929785766258454,1592929784454882304
1592929785892335404,1592929784554789376
1592929785996577189,1592929784654816512
1592929786042603889,1592929784823378176
1592929786173440021,1592929784854582272
1592929786300918920,1592929784954443264
1592929786388529487,1592929785054357248
1592929786448997297,1592929785212191232
1592929786575878049,1592929785254420480
1592929786702614545,1592929785354636288
1592929786763784216,1592929785454883840
1592929786873057054,1592929785572301568
1592929787000887854,1592929785655127296
1592929787127086364,1592929785755010048
1592929787147053933,1592929785854893312
1592929787271083165,1592929785958739456
1592929787399792005,1592929786054769408
1592929787522195710,1592929786154761472
1592929787650006748,1592929786355748608
1592929787779451980,1592929786454945024
1592929787900937349,1592929786554882816
1592929787919301527,1592929786746904576
1592929788028808287,1592929786754715904
1592929788159366264,1592929786854737664
1592929788271542882,1592929786954816768
1592929788307819613,1592929787130556416
1592929788438538678,1592929787154771456
1592929788565923076,1592929787254811648
1592929788664105941,1592929787354906368
1592929788758894200,1592929787490185728
1592929788887498671,1592929787555063552
1592929789016320242,1592929787655053824
1592929789056433652,1592929787755022080
1592929789171683924,1592929787866710784
1592929789302816475,1592929787954948352
1592929789430394479,1592929788054834176
1592929789464020426,1592929788154745856
1592929789588309471,1592929788254682368
1592929789713613356,1592929788354603776
1592929789820334661,1592929788454534144
1592929789867161370,1592929788627988992
1592929789996162383,1592929788654548992
1592929790127676439,1592929788754543616
1592929790221113082,1592929788854605312
1592929790250866595,1592929789037707264
1592929790377322226,1592929789054901760
1592929790505601986,1592929789154913792
1592929790609898659,1592929789254914560
1592929790648553459,1592929789428401152
1592929790776173694,1592929789454944256
1592929790904854207,1592929789554801152
1592929791001210596,1592929789654609664
1592929791101095111,1592929789784127232
1592929791229659927,1592929789854368000
1592929791359143353,1592929789954313472
1592929791389024054,1592929790054405120
1592929791488679097,1592929790187295232
1592929791617138011,1592929790254457856
1592929791745388260,1592929790354455808
1592929791782356511,1592929790454416384
1592929791893057202,1592929790574849280
1592929792025931371,1592929790654662912
1592929792151760795,1592929790754777856
1592929792175562017,1592929790854763008
1592929792294701599,1592929790964788480
1592929792421497442,1592929791054505216
1592929792549857516,1592929791154420992
1592929792563567722,1592929791254317824
1592929792673751320,1592929791374720768
1592929792801191566,1592929791454593280
1592929792930588867,1592929791554789888
1592929792953819703,1592929791654868736
1592929793075456335,1592929791764222720
1592929793202371917,1592929791854750976
1592929793328467437,1592929791954623488
1592929793340258623,1592929792054690048
1592929793466446818,1592929792157892352
1592929793595144365,1592929792254724864
1592929793719836306,1592929792354699776
1592929793737058507,1592929792547034112
1592929793865680621,1592929792554846464
1592929793994662604,1592929792654813184
1592929794106470852,1592929792754715392
1592929794133347473,1592929792937323008
1592929794261084189,1592929792954488832
1592929794389752178,1592929793054438912
1592929794491870275,1592929793154434816
1592929794532014777,1592929793324017920
1592929794661579468,1592929793354498816
1592929794791025028,1592929793454495488
1592929794875379843,1592929793554464256
1592929794974507583,1592929793684954624
1592929795101273043,1592929793754440704
1592929795227086652,1592929793854388480
1592929795258561127,1592929793954445056
1592929795374485872,1592929794073213184
1592929795502832143,1592929794154406656
1592929795633893060,1592929794254362880
1592929795657173054,1592929794354338304
1592929795781069331,1592929794458995456
1592929795910248777,1592929794554288384
1592929796035318058,1592929794654331392
1592929796053912505,1592929794846647552
1592929796184751237,1592929794854466560
1592929796311571201,1592929794954560768
1592929796424816862,1592929795054622208
1592929796446822692,1592929795243662336
1592929796575458178,1592929795254603008
1592929796704715740,1592929795354677504
1592929796815260511,1592929795454734080
1592929796841555676,1592929795639872256
1592929796970565313,1592929795654703360
1592929797097145167,1592929795754622208
1592929797204459616,1592929795854543616
1592929797281333606,1592929796001294848
1592929797407099207,1592929796054383872
1592929797533224245,1592929796154341632
1592929797582726910,1592929796254405120
1592929797676776736,1592929796389647872
1592929797805863287,1592929796454498560
1592929797932643547,1592929796554542080
1592929797970173717,1592929796654661888
1592929798072297354,1592929796780533248
1592929798201081054,1592929796854733056
1592929798327765194,1592929796954659840
1592929798354962043,1592929797054565632
1592929798470885031,1592929797168512256
1592929798597586340,1592929797254324480
1592929798706946328,1592929797354262272
1592929798719946021,1592929797454224640
1592929798836592013,1592929797566809088
1592929798966009275,1592929797654486272
1592929799094703982,1592929797754577920
1592929799109651008,1592929797854554624
1592929799237559371,1592929797954524416
1592929799363386111,1592929798054449408
1592929799482754387,1592929798154354688
1592929799507981361,1592929798339534592
1592929799637049929,1592929798354384128
1592929799765361297,1592929798454441216
1592929799853154950,1592929798554522880
1592929799929703607,1592929798708414464
1592929800037369901,1592929798754489856
1592929800165814814,1592929798854392320
1592929800230302655,1592929798954258176
1592929800320578848,1592929799094018560
1592929800447662455,1592929799154195712
1592929800575612340,1592929799254226176
1592929800629376787,1592929799354201088
1592929800760188227,1592929799454185728
1592929800890316517,1592929799554276608
1592929801006878791,1592929799654330368
1592929801035635713,1592929799837144320
1592929801162899599,1592929799854330112
1592929801293328878,1592929799954318080
1592929801396099205,1592929800054268416
1592929801476821395,1592929800205786112
1592929801593321678,1592929800254249984
1592929801722080632,1592929800354274304
1592929801789374129,1592929800454331136
1592929801865099852,1592929800601280768
1592929801992007569,1592929800654398464
1592929802100977185,1592929800754388992
1592929802154637762,1592929800854379776
1592929802266069857,1592929800972296704
1592929802392769958,1592929801054234368
1592929802520865179,1592929801154147328
1592929802540590132,1592929801254058752
1592929802658864698,1592929801362688768
1592929802787130582,1592929801454199296
1592929802915959965,1592929801554283008
1592929802928370400,1592929801654341376
1592929803053890998,1592929801759885056
1592929803181593948,1592929801854469888
1592929803304762323,1592929801954425600
1592929803335358994,1592929802135533568
1592929803462059461,1592929802154276608
1592929803590401949,1592929802254245376
1592929803691351373,1592929802354265600
1592929803732919052,1592929802524623104
1592929803861621438,1592929802554317568
1592929803988163597,1592929802654336512
1592929804073313684,1592929802754409472
1592929804133003280,1592929802910766848
1592929804260856662,1592929802954512384
1592929804390015422,1592929803054355712
1592929804462312491,1592929803154160896
1592929804570609868,1592929803273533696
1592929804697148015,1592929803353967104
1592929804825507026,1592929803454024704
1592929804849318086,1592929803554153472
1592929804972890205,1592929803657390592
1592929805101533880,1592929803754336512
1592929805224317690,1592929803854419968
1592929805245015901,1592929804045170176
1592929805374562036,1592929804054541312
1592929805501342320,1592929804154533888
1592929805611378208,1592929804254583808
1592929805645480298,1592929804432867584
1592929805772961297,1592929804454746624
1592929805901920575,1592929804554742784
1592929806001534504,1592929804654689536
1592929806034731801,1592929804831089664
1592929806162560025,1592929804854512384
1592929806291493687,1592929804954467840
1592929806388552332,1592929805054652928
1592929806473665774,1592929805191567104
1592929806598834548,1592929805254868736
1592929806727219210,1592929805354812160
1592929806766315249,1592929805454647296
1592929806871659002,1592929805577901056
1592929806997969153,1592929805654369792
1592929807108260087,1592929805754340352
1592929807130962475,1592929805854311424
1592929807248901651,1592929805966115840
1592929807376913794,1592929806054482176
1592929807503130678,1592929806154546688
1592929807516867784,1592929806254593536
1592929807646368082,1592929806354640128
1592929807772949010,1592929806454713600
1592929807892620417,1592929806554831872
1592929807907070473,1592929806750371328
1592929808036378142,1592929806755056896
1592929808162869913,1592929806855000832
1592929808277664528,1592929806954890752
1592929808324595825,1592929807117984512
1592929808450751753,1592929807154664704
1592929808576185752,1592929807254557696
1592929808648744545,1592929807354385152
1592929808728192051,1592929807501104640
1592929808853887314,1592929807554233088
1592929808979036480,1592929807654289152
1592929809028019879,1592929807754420480
1592929809148891888,1592929807859334656
1592929809275431344,1592929807954898944
1592929809398376190,1592929808055020800
1592929809418173453,1592929808244677376
1592929809547165440,1592929808254817536
1592929809673327709,1592929808354737152
1592929809782926491,1592929808454736128
1592929809822213454,1592929808625883904
1592929809948560200,1592929808654787840
1592929810070724299,1592929808754776576
1592929810163164550,1592929808854785024
1592929810217023646,1592929809012561920
1592929810346473042,1592929809054761984
1592929810477732085,1592929809154743296
1592929810544916801,1592929809254658816
1592929810660849855,1592929809366324224
1592929810786858319,1592929809454644224
1592929810915292910,1592929809554824704
1592929810932916569,1592929809654967296
1592929811058362841,1592929809755011328
1592929811186324475,1592929809854935040
1592929811301391343,1592929809954841856
1592929811340913700,1592929810128927488
1592929811466467375,1592929810154690560
1592929811595393815,1592929810254609152
1592929811690851267,1592929810354629888
1592929811741103738,1592929810521226240
1592929811869952182,1592929810554863872
1592929811997498836,1592929810654953984
1592929812078273431,1592929810755003392
1592929812144282809,1592929810913662464
1592929812272381083,1592929810955099648
1592929812398307766,1592929811055174400
1592929812466700389,1592929811155163136
1592929812579933532,1592929811268363008
1592929812707523039,1592929811355031552
1592929812836543712,1592929811455011584
1592929812850762489,1592929811554978560
1592929812979693086,1592929811656577536
1592929813106566132,1592929811755084544
1592929813227129461,1592929811855109632
1592929813242045421,1592929812049588736
1592929813370650216,1592929812055055104
1592929813497240136,1592929812155021056
1592929813611542053,1592929812255010048
1592929813634956279,1592929812443407360
1592929813762020409,1592929812455138560
1592929813895083851,1592929812555207424
1592929814004848370,1592929812655250432
1592929814035386134,1592929812836565504
1592929814162035309,1592929812855311104
1592929814291581369,1592929812955312640
1592929814394921989,1592929813055289344
1592929814485108827,1592929813194286592
1592929814612362568,1592929813255190016
1592929814738282115,1592929813355136256
1592929814779797516,1592929813455032320
1592929814883110451,1592929813578432768
1592929815011807121,1592929813655005952
1592929815138306361,1592929813755062528
1592929815163879007,1592929813855180544
1592929815280556091,1592929813969384960
1592929815407517291,1592929814055439104
1592929815533357692,1592929814155579136
1592929815548956670,1592929814255613696
1592929815656290037,1592929814359431936
1592929815782822125,1592929814455394816
1592929815907335421,1592929814555280896
1592929816007205032,1592929814764571136
1592929816136162038,1592929814855179520
1592929816266079597,1592929814955223296
1592929816283182818,1592929815055295744
1592929816413918615,1592929815155408384
1592929816542052614,1592929815255399168
1592929816650330097,1592929815355302144
1592929816680855696,1592929815534737664
1592929816808185738,1592929815555032064
1592929816933738824,1592929815654957056
1592929817035811363,1592929815754917376
1592929817149109519,1592929815873747968
1592929817274013209,1592929815955045632
1592929817402407367,1592929816055142144
1592929817424395633,1592929816155275776
1592929817547260508,1592929816261587712
1592929817676336996,1592929816355329536
1592929817804279143,1592929816455241472
1592929817849462451,1592929816621446656
1592929817976512360,1592929816655009792
1592929818104986412,1592929816754913280
1592929818194190242,1592929816854963200
1592929818279199526,1592929816999653120
1592929818406687264,1592929817055146752
1592929818535521859,1592929817155180800
1592929818584367865,1592929817255204352
1592929818655242859,1592929817407629056
1592929818784849785,1592929817455284224
1592929818911661990,1592929817555301632
1592929818970299340,1592929817655351808
1592929819085640869,1592929817768706816
1592929819212115279,1592929817855477760
1592929819322088852,1592929817955514368
1592929819334068183,1592929818055469824
1592929819464113367,1592929818157804544
1592929819591486161,1592929818255457024
1592929819712097266,1592929818355492608
1592929819833002421,1592929818566323200
1592929819960590493,1592929818655338752
1592929820092674958,1592929818755302656
1592929820112036577,1592929818855383040
1592929820240443259,1592929818955493632
1592929820367402096,1592929819055550976
1592929820485132263,1592929819155527680
1592929820530271003,1592929819322599168
1592929820657970364,1592929819355368448
1592929820783847607,1592929819455213312
1592929820860582890,1592929819555070464
1592929820966068557,1592929819679416576
1592929821095756558,1592929819755259136
1592929821225717475,1592929819855234816
1592929821254810335,1592929819955183360
1592929821353296460,1592929820088046592
1592929821480815469,1592929820155271680
1592929821607216823,1592929820255307520
1592929821651087634,1592929820355305984
1592929821780013271,1592929820455287040
1592929821907991141,1592929820555251200
1592929822021488120,1592929820655256832
1592929822049825480,1592929820837942784
1592929822179729473,1592929820855111168
1592929822306574666,1592929820955028736
1592929822413374124,1592929821055015680
1592929822443159461,1592929821237055232
1592929822571094295,1592929821255031040
1592929822697200727,1592929821355054080
1592929822798303752,1592929821455082752
1592929822836406203,1592929821627009536
1592929822963375601,1592929821655148032
1592929823088996586,1592929821755182848
1592929823163074377,1592929821855195648
1592929823260266451,1592929821987277824
1592929823389907342,1592929822055264512
1592929823516759725,1592929822155299584
1592929823553206240,1592929822255344640
1592929823662569457,1592929822375820288
1592929823790585807,1592929822455585536
1592929823916977438,1592929822555576064
1592929823941363009,1592929822655450624
1592929824061138565,1592929822765361152
1592929824185051848,1592929822855046656
1592929824314750999,1592929822955056128
1592929824331895523,1592929823055054080
1592929824461432447,1592929823155007232
1592929824588150651,1592929823254973440
1592929824699031600,1592929823354991104
1592929824728785425,1592929823535455744
1592929824854389585,1592929823554985984
1592929824980483867,1592929823654944256
1592929825078909446,1592929823754936576
1592929825120012740,1592929823923842560
1592929825247844770,1592929823955104256
1592929825373796108,1592929824055130880
1592929825457367077,1592929824155176192
1592929825517684349,1592929824310610944
1592929825643646067,1592929824355117056
1592929825754141930,1592929824455064320
1592929825812761725,1592929824555003904
1592929825931109462,1592929824667392000
1592929826057988776,1592929824754871808
1592929826186229428,1592929824854898432
1592929826210144486,1592929824954993408
1592929826337278069,1592929825055107840
1592929826463768127,1592929825155201536
1592929826557613007,1592929825255212544
1592929826594050649,1592929825429301248
1592929826720954834,1592929825455079680
1592929826848065310,1592929825555016960
1592929826945372567,1592929825654887424
1592929827031089813,1592929825796927232
1592929827157349805,1592929825854731008
1592929827285819755,1592929825954729728
1592929827332088693,1592929826054741760
1592929827430569495,1592929826185306880
1592929827556966721,1592929826254949888
1592929827683260167,1592929826355059200
1592929827727850326,1592929826455057920
1592929827854107009,1592929826554994432
1592929827982440750,1592929826654866688
1592929828089668092,1592929826754780160
1592929828147846166,1592929826908673280
1592929828273822218,1592929826954782976
1592929828402200221,1592929827054929664
1592929828459700877,1592929827155067136
1592929828518160560,1592929827314475264
1592929828642060265,1592929827355113984
1592929828768304569,1592929827455142400
1592929828837395793,1592929827555233280
1592929828913753731,1592929827700476416
1592929829035859486,1592929827755088640
1592929829166085015,1592929827854897920
1592929829215830542,1592929827954818048
1592929829342511752,1592929828056452096
1592929829470735321,1592929828155033088
1592929829592187565,1592929828255152384
1592929829615479956,1592929828442763776
1592929829725397538,1592929828455258368
1592929829857945776,1592929828555187968
1592929829965817786,1592929828655223552
1592929830021664285,1592929828813917696
1592929830147629362,1592929828855288064
1592929830275823450,1592929828955080704
1592929830336213873,1592929829054819840
1592929830421517448,1592929829198341632
1592929830550019601,1592929829254561792
1592929830677442182,1592929829354534912
1592929830726519998,1592929829454510080
1592929830850637432,1592929829559145472
1592929830977190998,1592929829654399744
1592929831106700076,1592929829754318848
1592929831144139050,1592929829931623936
1592929831272341805,1592929829954302464
1592929831398522243,1592929830054456064
1592929831497254900,1592929830154550784
1592929831543720043,1592929830320237568
1592929831654199263,1592929830354605824
1592929831782141376,1592929830454558976
1592929831869612355,1592929830554461952
1592929831933944568,1592929830708191232
1592929832061316921,1592929830754247936
1592929832190173549,1592929830854244608
1592929832250948320,1592929830954269952
1592929832365588627,1592929831068375040
1592929832492776674,1592929831154370560
