recv_stamp,msg_stamp
1593252647174409137,1593252647152274582
1593252647302786648,1593252647265275940
1593252647433034655,1593252647391803933
1593252647559159222,1593252647526218319
1593252647687644038,1593252647652816241
1593252647817684427,1593252647781033744
1593252647943560365,1593252647911406502
1593252648071986583,1593252648037143211
1593252648198311020,1593252648165277290
1593252648323139641,1593252648291909746
1593252648456177631,1593252648420044727
1593252648587799672,1593252648553603266
1593252648710941466,1593252648680952324
1593252648839756156,1593252648807515324
1593252648968659038,1593252648937149755
1593252649113343662,1593252649065283845
1593252649228980197,1593252649198905129
1593252649365024198,1593252649326202241
1593252649489758573,1593252649459913441
1593252649622023131,1593252649587159070
1593252649752213438,1593252649719194042
1593252649879395105,1593252649849720079
1593252650007596148,1593252649976250087
1593252650134038242,1593252650104402899
1593252650262385928,1593252650231001755
1593252650392921781,1593252650359915847
1593252650515797629,1593252650486438960
1593252650644669362,1593252650613786314
1593252650773908044,1593252650741912137
1593252650903534189,1593252650870773109
1593252651030266585,1593252651000523075
1593252651158895255,1593252651127869735
1593252651287311728,1593252651256042609
1593252651409119769,1593252651385643356
1593252651536101392,1593252651505951499
1593252651666074293,1593252651633298227
1593252651793473328,1593252651763010820
1593252651919451712,1593252651890309440
1593252652047864411,1593252652016959330
1593252652174536255,1593252652145029100
1593252652302883332,1593252652271617646
1593252652429185470,1593252652399765456
1593252652559248540,1593252652526241878
1593252652590791361,1593252652578636866
1593252652719542501,1593252652688788708
1593252652848161810,1593252652816973860
1593252652962901625,1593252652931013032
1593252653006312854,1593252652990349720
1593252653134934722,1593252653103659376
1593252653263806637,1593252653232583512
1593252653355192544,1593252653323960020
1593252653435957529,1593252653409025406
1593252653560089206,1593252653532513539
1593252653686364600,1593252653657512092
1593252653731755967,1593252653719204348
1593252653842620395,1593252653808301571
1593252653975307568,1593252653939613445
1593252654105405561,1593252654071648308
1593252654147821558,1593252654135655886
1593252654275828957,1593252654245840822
1593252654404254081,1593252654373137477
1593252654502696819,1593252654473152220
1593252654541697282,1593252654527851448
1593252654666824009,1593252654639568816
1593252654795053175,1593252654764617017
1593252654891573722,1593252654856906311
1593252654936451250,1593252654920798447
1593252655060880896,1593252655032546524
1593252655189247492,1593252655158294923
1593252655273668306,1593252655247408094
1593252655321343234,1593252655305982162
1593252655452920632,1593252655418484825
1593252655580821646,1593252655549747200
1593252655648467308,1593252655634933475
1593252655754709715,1593252655723965977
1593252655883766633,1593252655852064367
1593252656013180016,1593252655980972354
1593252656037185104,1593252656024668824
1593252656159311035,1593252656128696803
1593252656284638862,1593252656256823960
1593252656410506399,1593252656380192574
1593252656423851664,1593252656411440478
1593252656550967132,1593252656521624579
1593252656675012437,1593252656648151326
1593252656790678968,1593252656761515019
1593252656818339725,1593252656804407220
1593252656942380844,1593252656913886350
1593252657069698128,1593252657039600935
1593252657174497122,1593252657143551599
1593252657212637357,1593252657198128815
1593252657340066353,1593252657309916376
1593252657471562818,1593252657437238175
1593252657547230553,1593252657534986304
1593252657645035321,1593252657615432800
1593252657776220099,1593252657742027895
1593252657904194916,1593252657873191818
1593252657938083239,1593252657923300567
1593252658055626075,1593252658024807735
1593252658185335057,1593252658153691994
1593252658314179914,1593252658282577598
1593252658334194372,1593252658321672514
1593252658460624668,1593252658431848200
1593252658586767033,1593252658557563620
1593252658710312025,1593252658670079981
1593252658744328965,1593252658721717133
1593252658875910965,1593252658842012906
1593252659005733478,1593252658972387625
1593252659113017461,1593252659079520736
1593252659152791275,1593252659137996370
1593252659280227581,1593252659249853421
1593252659408814209,1593252659377105842
1593252659498012009,1593252659470954193
1593252659540958763,1593252659531739765
1593252659673427107,1593252659638928032
1593252659802755412,1593252659770919204
1593252659890597933,1593252659856026521
1593252659999651489,1593252659967011108
1593252660131213556,1593252660097487120
1593252660260021804,1593252660227976456
1593252660283001808,1593252660270037296
1593252660377183106,1593252660352084920
1593252660503803021,1593252660474824514
1593252660634459113,1593252660601322013
1593252660668152724,1593252660652938987
1593252660774899142,1593252660744384745
1593252660903958570,1593252660872437347
1593252661030650472,1593252661001363571
1593252661053466407,1593252661041166831
1593252661175367571,1593252661145090726
1593252661301100932,1593252661272455594
1593252661428601048,1593252661396675647
1593252661540033982,1593252661506038603
1593252661668518911,1593252661638078717
1593252661794555396,1593252661765477328
1593252661821431980,1593252661804497706
1593252661954739975,1593252661913088071
1593252662079831615,1593252662050652481
1593252662203997270,1593252662172567919
1593252662223354225,1593252662210757851
1593252662353328460,1593252662320945784
1593252662479885935,1593252662450673840
1593252662595790358,1593252662560801972
1593252662677631408,1593252662645996960
1593252662804599808,1593252662774881646
1593252662930578839,1593252662902159022
1593252662981808567,1593252662966956859
1593252663045388266,1593252663024828344
1593252663173596981,1593252663142835828
1593252663299958828,1593252663270971078
1593252663365191215,1593252663344355128
1593252663470943968,1593252663438944310
1593252663597258359,1593252663568608256
1593252663724942538,1593252663695135734
1593252663752043189,1593252663737307566
1593252663869690262,1593252663838965532
1593252663995620087,1593252663967052362
1593252664124122164,1593252664092807947
1593252664139927031,1593252664124836721
1593252664249227545,1593252664218630506
1593252664375632557,1593252664346713519
1593252664501337919,1593252664473278253
1593252664525503862,1593252664513876367
1593252664656777617,1593252664623287506
1593252664780788287,1593252664753755687
1593252664897199965,1593252664864732908
1593252664921018692,1593252664907636462
1593252665049499493,1593252665018606054
1593252665176390979,1593252665146702360
1593252665281799187,1593252665253789127
1593252665315938284,1593252665303784824
1593252665446828597,1593252665413978198
1593252665577323483,1593252665544426875
1593252665676772507,1593252665642802947
1593252665729292841,1593252665714638116
1593252665856004454,1593252665827182045
1593252665981551134,1593252665953740688
1593252666046703227,1593252666030264959
1593252666159224697,1593252666128820122
1593252666288479307,1593252666256104948
1593252666417907551,1593252666386623551
1593252666434789413,1593252666422537151
1593252666558708806,1593252666528033700
1593252666687756715,1593252666656109949
1593252666813345572,1593252666781964991
1593252666829412762,1593252666817007177
1593252666962139972,1593252666927236988
1593252667088027770,1593252667055354662
1593252667200681939,1593252667170964939
1593252667229985572,1593252667217775268
1593252667356261427,1593252667327935654
1593252667484594025,1593252667453757947
1593252667588237766,1593252667554557520
1593252667624474643,1593252667612308924
1593252667751067516,1593252667722543343
1593252667878851234,1593252667848325089
1593252667975820362,1593252667941285864
1593252668072641477,1593252668039720943
1593252668202445675,1593252668170188841
1593252668330128420,1593252668299881348
1593252668365702024,1593252668352247882
1593252668473324745,1593252668442067796
1593252668605770501,1593252668570194563
1593252668733263503,1593252668702224059
1593252668758645694,1593252668744398469
1593252668882950595,1593252668851500609
1593252669009892776,1593252668980407675
1593252669135037030,1593252669103846304
1593252669154082092,1593252669141288694
1593252669283346812,1593252669252257087
1593252669412457640,1593252669380411746
1593252669524625178,1593252669492895540
1593252669646591679,1593252669618646762
1593252669774927912,1593252669744427309
1593252669899074779,1593252669867073419
1593252669913819194,1593252669901406057
1593252670043640109,1593252670011625071
1593252670172670135,1593252670140578284
1593252670288472313,1593252670257008994
1593252670349790853,1593252670331161238
1593252670475234735,1593252670446015752
1593252670603943191,1593252670572563788
1593252670681119476,1593252670647591173
1593252670754701501,1593252670734319666
1593252670883782724,1593252670851522176
1593252671008361798,1593252670977259880
1593252671056431333,1593252671041328567
1593252671167498297,1593252671135911253
1593252671294603981,1593252671264810103
1593252671421738009,1593252671392078962
1593252671442895380,1593252671429642500
1593252671560993312,1593252671532783841
1593252671689876818,1593252671659298021
1593252671819408095,1593252671787420566
1593252671832201384,1593252671818648081
1593252671962666190,1593252671929609906
1593252672095122737,1593252672060079809
1593252672190600406,1593252672181902030
1593252672205311316,1593252672196905884
1593252672334343019,1593252672303037219
1593252672463445747,1593252672431170918
1593252672580566277,1593252672545271040
1593252672616063280,1593252672597542762
1593252672741369934,1593252672713208263
1593252672869823226,1593252672839010347
1593252672972238858,1593252672939829317
1593252673062726361,1593252673031181943
1593252673189460073,1593252673160089010
1593252673320580663,1593252673286716193
1593252673365025358,1593252673347549217
1593252673461990273,1593252673429660802
1593252673590015599,1593252673559312519
1593252673718380205,1593252673687493447
1593252673759365066,1593252673744472063
1593252673888071512,1593252673857011651
1593252674014533343,1593252673985098142
1593252674133985432,1593252674099939546
1593252674153497957,1593252674140592610
1593252674283670212,1593252674251572588
1593252674410619872,1593252674381185359
1593252674521180480,1593252674491342202
1593252674532865350,1593252674520173179
1593252674660389508,1593252674630426993
1593252674786340575,1593252674757793392
1593252674903522322,1593252674874991079
1593252674920611809,1593252674909322885
1593252675049205421,1593252675018776048
1593252675173757535,1593252675146054610
1593252675287508979,1593252675255483700
1593252675348068263,1593252675333500604
1593252675475325435,1593252675445292384
1593252675604537540,1593252675572616341
1593252675660097552,1593252675645221879
1593252675745111042,1593252675714796026
1593252675871071834,1593252675842138257
1593252675996705484,1593252675968733300
1593252676042201094,1593252676029596191
1593252676141437353,1593252676113239028
1593252676266699602,1593252676239013651
1593252676394899087,1593252676364023332
1593252676423128712,1593252676410853489
1593252676526350917,1593252676514044358
1593252676655623772,1593252676624199929
1593252676782014273,1593252676752446700
1593252676796065479,1593252676784335663
1593252676926880649,1593252676893782685
1593252677054288722,1593252677024197366
1593252677173282488,1593252677139908465
1593252677205019753,1593252677189790033
1593252677333409057,1593252677302326422
1593252677459994655,1593252677430506376
1593252677565492375,1593252677530483496
1593252677630394344,1593252677600761614
1593252677758641986,1593252677728110776
1593252677888000773,1593252677856260474
1593252677972982996,1593252677938983037
1593252678097793861,1593252678065676021
1593252678227528646,1593252678195321562
1593252678350761910,1593252678321078638
1593252678367948530,1593252678356985806
1593252678498289134,1593252678465688802
1593252678604464293,1593252678595298962
1593252678715805742,1593252678685934819
1593252678743488782,1593252678731184075
1593252678873562864,1593252678841392775
1593252679000578195,1593252678971092992
1593252679104048606,1593252679071944088
1593252679123388573,1593252679110895953
1593252679250593812,1593252679221084117
1593252679381751769,1593252679347733623
1593252679493379395,1593252679461782276
1593252679534448145,1593252679518784102
1593252679660363689,1593252679630498076
1593252679786715814,1593252679758000618
1593252679884089557,1593252679849228526
1593252679974016016,1593252679943825170
1593252680105205647,1593252680071106272
1593252680230765145,1593252680201612051
1593252680270941918,1593252680257770582
1593252680375107683,1593252680344555788
1593252680501347451,1593252680472719809
1593252680629796679,1593252680598521782
1593252680658072380,1593252680643756401
1593252680773777067,1593252680743014407
1593252680900238252,1593252680871116369
1593252681028640301,1593252680997743202
1593252681043902513,1593252681031290912
1593252681172783077,1593252681141489385
1593252681302624549,1593252681270396153
1593252681423562487,1593252681392244850
1593252681543366816,1593252681511813400
1593252681669803002,1593252681640710603
1593252681798613353,1593252681767245474
1593252681813773729,1593252681801647943
1593252681942930747,1593252681911816460
1593252682069747997,1593252682039976819
1593252682188503801,1593252682154791532
1593252682219473126,1593252682203885549
1593252682345442587,1593252682315726952
1593252682473480398,1593252682443008996
1593252682576170191,1593252682545461362
1593252682655974738,1593252682630514486
1593252682783955201,1593252682753171800
1593252682911258982,1593252682881300148
1593252682957810409,1593252682945396621
1593252683038188309,1593252683007080812
1593252683164662573,1593252683135204524
1593252683297223354,1593252683261785167
1593252683349941311,1593252683335155415
1593252683473109767,1593252683440730285
1593252683601234387,1593252683570419191
1593252683730063368,1593252683698555308
1593252683743994052,1593252683731242632
1593252683876041739,1593252683842253942
1593252684003488502,1593252683972766932
1593252684120343480,1593252684089926880
1593252684133586131,1593252684121095352
1593252684263541418,1593252684231376653
1593252684392810897,1593252684361027802
1593252684509415088,1593252684479013409
1593252684534015669,1593252684520406581
1593252684660609610,1593252684632100641
1593252684788654213,1593252684757940152
1593252684894867976,1593252684864977217
1593252684962037129,1593252684941493707
1593252685089564894,1593252685059502677
1593252685218126853,1593252685186870968
1593252685279240919,1593252685258695610
1593252685368991462,1593252685336021772
1593252685498241397,1593252685466539554
1593252685627755193,1593252685595450438
1593252685675552994,1593252685658700088
1593252685773199076,1593252685742274888
1593252685899681818,1593252685870455506
1593252686025645088,1593252685997023882
1593252686058108393,1593252686045414126
1593252686168971583,1593252686138417084
1593252686294877543,1593252686265764708
1593252686423153646,1593252686392283089
1593252686443340637,1593252686429802022
1593252686560539549,1593252686530566662
1593252686686414268,1593252686657957060
1593252686814226987,1593252686783740736
1593252686828102264,1593252686814940434
1593252686947387820,1593252686915000415
1593252687074536523,1593252687044680067
1593252687203576026,1593252687172015978
1593252687221526276,1593252687206364183
1593252687350146332,1593252687319617216
1593252687476309898,1593252687447741366
1593252687597247908,1593252687563434732
1593252687627193730,1593252687612628464
1593252687754845109,1593252687725103296
1593252687883679885,1593252687852502090
1593252687987594787,1593252687954847771
1593252688036405841,1593252688018030378
1593252688155240461,1593252688133755824
1593252688284761651,1593252688253268005
1593252688376671698,1593252688341527185
1593252688432707127,1593252688418025999
1593252688560025411,1593252688530637635
1593252688688164702,1593252688657143514
1593252688754875870,1593252688733700250
1593252688865714512,1593252688836037924
1593252688996265131,1593252688962668244
1593252689125262973,1593252689093068470
1593252689142209749,1593252689130529479
1593252689263871746,1593252689232990534
1593252689390295125,1593252689361060758
1593252689515924736,1593252689486910838
1593252689531007863,1593252689519685020
1593252689659347122,1593252689629019845
1593252689787908768,1593252689756428519
1593252689903796507,1593252689871233250
1593252689930264821,1593252689915734633
1593252690061279160,1593252690027526243
1593252690188934632,1593252690158027214
1593252690294601811,1593252690264198992
1593252690324630837,1593252690309492117
1593252690450264266,1593252690421229309
1593252690578785737,1593252690547844062
1593252690683076755,1593252690650990818
1593252690761868950,1593252690741573970
1593252690891077030,1593252690858717109
1593252691019154612,1593252690988478362
1593252691062502816,1593252691047780675
1593252691169214105,1593252691136923911
1593252691301843060,1593252691267331326
1593252691429181993,1593252691398635532
1593252691457004373,1593252691442320748
1593252691566368300,1593252691538482877
1593252691691309149,1593252691663484309
1593252691819144032,1593252691788487833
1593252691843278796,1593252691825129490
1593252691968742614,1593252691937709102
1593252692095607337,1593252692065796953
1593252692219682497,1593252692188421342
1593252692348405295,1593252692316618753
1593252692476171871,1593252692445454890
1593252692595991939,1593252692565775697
1593252692612561616,1593252692601665907
1593252692740574869,1593252692710301883
1593252692868830780,1593252692837717937
1593252692979984576,1593252692950165800
1593252693014376404,1593252693000110940
1593252693140593979,1593252693111965310
1593252693269500029,1593252693237733848
1593252693368530973,1593252693336108694
1593252693445334178,1593252693425120842
1593252693571407439,1593252693542369245
1593252693699395781,1593252693669048142
1593252693745593839,1593252693729025335
1593252693856235660,1593252693822911195
1593252693984643815,1593252693953321983
1593252694113446979,1593252694082241326
1593252694133940587,1593252694120521353
1593252694262495264,1593252694229946987
1593252694389365557,1593252694359606831
1593252694513465771,1593252694481485921
1593252694545052599,1593252694522918794
1593252694673523555,1593252694642427587
1593252694802545441,1593252694770552484
1593252694909936326,1593252694879940882
1593252694940649985,1593252694926781976
1593252695069062823,1593252695038556836
1593252695198883216,1593252695166657888
1593252695300507500,1593252695269754842
1593252695339098771,1593252695324418176
1593252695469803746,1593252695437749687
1593252695600284816,1593252695567436318
1593252695696724166,1593252695662752933
1593252695792501328,1593252695760406831
1593252695921701077,1593252695890025079
1593252696047186687,1593252696019784996
1593252696083058706,1593252696070469488
1593252696179741928,1593252696148693607
1593252696305996075,1593252696276778818
1593252696434556809,1593252696403373361
1593252696468866636,1593252696455712256
1593252696577549327,1593252696544793235
1593252696704546881,1593252696674484974
1593252696833211567,1593252696801887731
1593252696859208070,1593252696844725452
1593252696971420799,1593252696942417393
1593252697099328918,1593252697069027645
1593252697227984041,1593252697196310986
1593252697244669596,1593252697232227105
1593252697352165618,1593252697319778181
1593252697482020942,1593252697449489010
1593252697612535022,1593252697579126356
1593252697644110331,1593252697624393824
1593252697764090815,1593252697733882054
1593252697891489305,1593252697861141127
1593252698023455569,1593252697989296394
1593252698038541578,1593252698025222353
1593252698169730770,1593252698137021490
1593252698299608306,1593252698267511089
1593252698415476056,1593252698386165808
1593252698442079926,1593252698429079994
1593252698569847068,1593252698540075405
1593252698695565611,1593252698666692194
1593252698800160772,1593252698768941045
1593252698834998138,1593252698821353162
1593252698960740564,1593252698930758343
1593252699088791046,1593252699058041142
1593252699187586508,1593252699154980441
1593252699278971995,1593252699243999911
1593252699404880042,1593252699375262146
1593252699536999040,1593252699501897788
1593252699583787151,1593252699568192390
1593252699677015915,1593252699644029455
1593252699804254352,1593252699773736205
1593252699931369181,1593252699901921954
1593252699969439623,1593252699958819092
1593252700080825213,1593252700046390211
1593252700211283680,1593252700177642265
1593252700338883670,1593252700308063403
1593252700363734942,1593252700349469665
1593252700490690876,1593252700454157552
1593252700613548985,1593252700587799537
1593252700743679923,1593252700710459473
1593252700854193444,1593252700821408930
1593252700984281270,1593252700951886750
1593252701118183844,1593252701082301340
1593252701146502798,1593252701127621147
1593252701263778097,1593252701233072352
1593252701390174114,1593252701361236856
1593252701518933238,1593252701487825507
1593252701532868870,1593252701518952552
1593252701658892678,1593252701628441934
1593252701785015617,1593252701755787330
1593252701908282105,1593252701876926731
1593252701960080155,1593252701942394447
1593252702090501939,1593252702055803457
1593252702215559088,1593252702187010093
1593252702302721001,1593252702268231105
1593252702335223995,1593252702320572622
1593252702464419833,1593252702433064636
1593252702594014817,1593252702562018920
1593252702690969345,1593252702662839832
1593252702728763604,1593252702716660059
1593252702861111634,1593252702826918261
1593252702989627438,1593252702958079955
1593252703083845542,1593252703051079019
1593252703183971979,1593252703151889567
1593252703313236899,1593252703281594832
1593252703440668112,1593252703410471383
1593252703474735110,1593252703459685503
1593252703581185452,1593252703551969156
1593252703706741993,1593252703678435334
1593252703831991777,1593252703804192498
1593252703854150702,1593252703841640140
1593252703962823908,1593252703936218900
1593252704087579076,1593252704060458809
1593252704212651923,1593252704185456643
1593252704229837109,1593252704218202199
1593252704354875029,1593252704323723470
1593252704481183259,1593252704451901256
1593252704595557669,1593252704574580462
1593252704713554085,1593252704680836292
1593252704840215459,1593252704810521287
1593252704965745900,1593252704937023029
1593252704981527077,1593252704972944216
1593252705106996297,1593252705079202214
1593252705238178085,1593252705204243599
1593252705352401531,1593252705323019903
1593252705392109733,1593252705379184462
1593252705525525744,1593252705490155003
1593252705653128022,1593252705622189448
1593252705747308671,1593252705713662634
1593252705848781061,1593252705817535101
1593252705984603804,1593252705945688094
1593252706109319707,1593252706080018594
1593252706140773355,1593252706126044546
1593252706248887270,1593252706219069731
1593252706377761320,1593252706346476718
1593252706504594995,1593252706475322324
1593252706553079038,1593252706538629192
1593252706679644731,1593252706650329814
1593252706807905733,1593252706776947707
1593252706901401540,1593252706872192399
1593252706951990903,1593252706932358577
1593252707076207582,1593252707048788320
1593252707204321985,1593252707173778411
1593252707280317995,1593252707260448642
1593252707316610391,1593252707299510965
1593252707444661748,1593252707414417550
1593252707573307333,1593252707541805935
1593252707672726566,1593252707641028320
1593252707719529126,1593252707704982954
1593252707848037031,1593252707816796804
1593252707974273492,1593252707944959961
1593252708064615045,1593252708029253194
1593252708168184557,1593252708137931588
1593252708297120682,1593252708265186716
1593252708424137255,1593252708394094095
1593252708450246213,1593252708437822920
1593252708566906752,1593252708534774725
1593252708694239675,1593252708664465306
1593252708825311270,1593252708791813735
1593252708848642907,1593252708833954361
1593252708977460357,1593252708946497060
1593252709104220626,1593252709074631630
1593252709218088729,1593252709187075133
1593252709249697723,1593252709234676356
1593252709375725243,1593252709347229273
1593252709504186754,1593252709473004128
1593252709608317479,1593252709574604366
1593252709627666749,1593252709615181012
1593252709757851196,1593252709725392090
1593252709884900457,1593252709855051803
1593252709995132486,1593252709965204202
1593252710025109428,1593252710012850424
1593252710150985434,1593252710123019764
1593252710279367986,1593252710248805104
1593252710382638179,1593252710349597128
1593252710464044454,1593252710440936880
1593252710592782743,1593252710561310794
1593252710719237094,1593252710690238248
1593252710765154255,1593252710747973186
1593252710864961746,1593252710833189959
1593252710989191212,1593252710962093573
1593252711117180641,1593252711085585774
1593252711148739098,1593252711133932160
1593252711258377971,1593252711228552040
1593252711384709877,1593252711355931865
1593252711510168081,1593252711481681862
1593252711528388556,1593252711517506668
1593252711656487676,1593252711623895624
1593252711783796293,1593252711753564584
1593252711904625722,1593252711875439518
1593252712032877794,1593252712002013853
1593252712159226052,1593252712130075631
1593252712278883296,1593252712248922475
1593252712303890898,1593252712290205521
1593252712438971903,1593252712402062592
1593252712568678924,1593252712536305932
1593252712680221434,1593252712645773645
1593252712725753345,1593252712707394306
1593252712853293462,1593252712823053046
1593252712982099564,1593252712950446745
1593252713073183725,1593252713041908031
1593252713173624440,1593252713143421763
1593252713304896818,1593252713270765903
1593252713432739455,1593252713402017005
1593252713464414121,1593252713449643195
1593252713593366473,1593252713560614750
1593252713719570166,1593252713690254618
1593252713842770283,1593252713810631594
1593252713855730482,1593252713841753981
1593252713981238031,1593252713953557157
1593252714109247720,1593252714078555052
1593252714228785582,1593252714197271814
1593252714244265525,1593252714232391378
1593252714373606232,1593252714341826778
1593252714498507378,1593252714470755328
1593252714616346267,1593252714582503930
1593252714742789961,1593252714712135322
1593252714872123110,1593252714840266931
1593252714993222523,1593252714962999900
1593252715056262706,1593252715028563047
1593252715183298173,1593252715154336266
1593252715313139974,1593252715280968287
1593252715391956979,1593252715366010407
1593252715472298851,1593252715438762658
1593252715595428059,1593252715570031917
1593252715723565417,1593252715693451959
1593252715777675242,1593252715762927266
1593252715872217389,1593252715840287476
1593252715999146998,1593252715969181909
1593252716125004102,1593252716096582119
1593252716162093314,1593252716149604801
1593252716276872656,1593252716244185612
1593252716403694238,1593252716373943165
1593252716533304140,1593252716501254578
1593252716549808487,1593252716537914065
1593252716662319528,1593252716629346447
1593252716792487687,1593252716759887042
1593252716919900561,1593252716889494862
1593252716938824534,1593252716927822327
1593252717052644047,1593252717020810737
1593252717179357939,1593252717149724614
1593252717308537183,1593252717277026049
1593252717327689093,1593252717313679659
1593252717457307449,1593252717423107387
1593252717584541183,1593252717555141069
1593252717705543100,1593252717676226087
1593252717724565257,1593252717712893001
1593252717850772653,1593252717822313521
1593252717978643209,1593252717948111586
1593252718092152040,1593252718059052908
1593252718123471214,1593252718108997086
1593252718249894285,1593252718220836102
1593252718378226150,1593252718347396449
1593252718482064995,1593252718448100553
1593252718529148185,1593252718512906534
1593252718654172335,1593252718624737851
1593252718782350596,1593252718751269667
1593252718868744580,1593252718838018151
1593252718967698002,1593252718937187220
1593252719094445767,1593252719065319633
1593252719223066416,1593252719191963718
1593252719255921897,1593252719241041066
1593252719372786962,1593252719341956120
1593252719499446692,1593252719470037399
1593252719628225445,1593252719596619564
1593252719642512463,1593252719629385322
1593252719771687763,1593252719739599767
1593252719899022478,1593252719869260714
1593252720022538190,1593252719989602199
1593252720042268796,1593252720029411914
1593252720174028026,1593252720140306385
1593252720304406384,1593252720271559326
1593252720412361836,1593252720384079545
1593252720427758631,1593252720416831572
1593252720557657986,1593252720525488806
1593252720688465136,1593252720655176387
1593252720807306943,1593252720772419013
1593252720838620756,1593252720823914687
1593252720965871608,1593252720935650859
1593252721096679298,1593252721063827313
1593252721197992327,1593252721167003476
1593252721273842205,1593252721253662091
1593252721399670502,1593252721370900893
1593252721530569016,1593252721496644664
1593252721579876667,1593252721561441981
1593252721672459524,1593252721640397978
1593252721799677162,1593252721769235944
1593252721925596700,1593252721896611793
1593252721964636385,1593252721952008570
1593252722068168770,1593252722037223243
1593252722194762572,1593252722165403482
1593252722323077031,1593252722291980330
1593252722351848724,1593252722337202712
1593252722462141301,1593252722430197018
1593252722589217155,1593252722559107113
1593252722717786317,1593252722686526143
1593252722739497584,1593252722726264454
1593252722856236805,1593252722823169572
1593252722984782871,1593252722953698559
1593252723114101985,1593252723082617445
1593252723130764504,1593252723118511126
1593252723257834699,1593252723224797257
1593252723384258884,1593252723355230786
1593252723504244147,1593252723478650095
1593252723521770632,1593252723512176435
1593252723652089227,1593252723620055988
1593252723778848630,1593252723749018542
1593252723888847345,1593252723858392604
1593252723922237055,1593252723907583049
1593252724052669041,1593252724020042303
1593252724179894543,1593252724149755544
1593252724277471391,1593252724248197595
1593252724314719564,1593252724304425622
1593252724443672202,1593252724413039057
1593252724573165640,1593252724541159236
1593252724655559584,1593252724633357251
1593252724752675601,1593252724721682975
1593252724879367070,1593252724849808361
1593252725007647785,1593252724976326404
1593252725043572882,1593252725028693848
1593252725159660745,1593252725130252061
1593252725287948735,1593252725256848422
1593252725416963597,1593252725385014805
1593252725431003237,1593252725416918326
1593252725556145746,1593252725528043660
1593252725681462638,1593252725653729460
1593252725800722113,1593252725771631286
1593252725825127560,1593252725812987539
1593252725953447096,1593252725922475252
1593252726079645815,1593252726050604497
1593252726187372952,1593252726155264479
1593252726217674901,1593252726203626888
1593252726344668064,1593252726315451940
1593252726474091978,1593252726442006899
1593252726578223371,1593252726545073687
1593252726620747326,1593252726605974718
1593252726746393608,1593252726718534614
1593252726876953208,1593252726844328380
1593252726962085592,1593252726935782901
1593252727067481914,1593252727035777184
1593252727194981827,1593252727164632753
1593252727320833356,1593252727291946262
1593252727348099811,1593252727334922329
1593252727466152972,1593252727438055091
1593252727596694283,1593252727563941068
1593252727723894801,1593252727693612782
1593252727737550596,1593252727723951392
1593252727867557113,1593252727835784318
1593252727994341037,1593252727964688706
1593252728114394662,1593252728081806347
1593252728136043939,1593252728123951920
1593252728261585057,1593252728234168633
1593252728390046085,1593252728359179905
1593252728497285395,1593252728467762522
1593252728520754886,1593252728507556252
1593252728632410653,1593252728618571909
1593252728762542663,1593252728730301224
1593252728869616949,1593252728839703087
1593252728944132093,1593252728920914925
1593252729072200793,1593252729040485952
1593252729198930544,1593252729169337705
1593252729249021503,1593252729234194385
1593252729342987631,1593252729312305306
1593252729476277926,1593252729440528034
1593252729604452666,1593252729573269454
1593252729643645906,1593252729627963234
1593252729752525291,1593252729720963794
1593252729879627621,1593252729849880291
1593252730007943469,1593252729977156987
1593252730040570122,1593252730025545131
1593252730166176787,1593252730138076951
1593252730294798758,1593252730263915229
1593252730408072555,1593252730376441396
1593252730433588615,1593252730419337282
1593252730554184243,1593252730531037626
1593252730679623719,1593252730650655266
1593252730788711788,1593252730756058381
1593252730818554486,1593252730806026254
1593252730945478722,1593252730916219957
1593252731073454160,1593252731042890100
1593252731176446669,1593252731143632554
1593252731222252098,1593252731203691133
1593252731351889053,1593252731319417989
1593252731484315960,1593252731449052118
1593252731574131936,1593252731543640099
1593252731677446420,1593252731642823907
1593252731802441165,1593252731774055453
1593252731926935104,1593252731899843917
1593252731958813460,1593252731945967146
1593252732078762546,1593252732048283492
1593252732204918648,1593252732175675140
1593252732333139431,1593252732302188787
1593252732347479432,1593252732334929884
1593252732477061603,1593252732445155387
1593252732604535174,1593252732574064969
1593252732722226647,1593252732689748367
1593252732737416853,1593252732724018911
1593252732867842690,1593252732835839918
1593252732994448714,1593252732964746526
1593252733112623021,1593252733080321004
1593252733127398241,1593252733111459786
1593252733256555312,1593252733223296999
1593252733383884027,1593252733353836799
1593252733503307614,1593252733471786409
1593252733532612028,1593252733516989109
1593252733659714339,1593252733630329330
1593252733788319445,1593252733756959265
1593252733901340874,1593252733861632043
1593252733987385978,1593252733956901934
1593252734117135438,1593252734085019093
1593252734244538748,1593252734214772686
1593252734291329416,1593252734276452810
1593252734388665393,1593252734356096767
1593252734515554963,1593252734485836190
1593252734643962536,1593252734613152038
1593252734681456492,1593252734666290842
1593252734784399311,1593252734754636465
1593252734911061642,1593252734881957282
1593252735039804560,1593252735009259437
1593252735066136296,1593252735054503104
1593252735182065908,1593252735149938422
1593252735309514491,1593252735279622578
1593252735438114797,1593252735406994852
1593252735454534361,1593252735442012254
1593252735556359179,1593252735523335815
1593252735684001868,1593252735653886342
1593252735814019418,1593252735781132220
1593252735848564665,1593252735832721236
1593252735959227763,1593252735928009139
1593252736085511916,1593252736056131251
1593252736211094246,1593252736182724035
1593252736231076840,1593252736219403662
1593252736353786993,1593252736321829698
1593252736480451248,1593252736450680504
1593252736598250817,1593252736577253208
1593252736611420265,1593252736602904443
1593252736742485903,1593252736709277126
1593252736870026336,1593252736839768316
1593252736984410216,1593252736953005199
1593252737008465919,1593252736996713427
1593252737135587623,1593252737106132688
1593252737263359024,1593252737232766825
1593252737368918323,1593252737338185970
1593252737408661842,1593252737393677960
1593252737535269254,1593252737506154139
1593252737663312188,1593252737632769824
1593252737757632655,1593252737725743128
1593252737857307739,1593252737825740504
1593252737989807118,1593252737954671238
1593252738115367594,1593252738086681427
1593252738149570561,1593252738134303330
1593252738274311766,1593252738242098717
1593252738406108568,1593252738372621257
1593252738523779680,1593252738500752738
1593252738539648354,1593252738531095899
1593252738668394703,1593252738637430655
1593252738794691562,1593252738765597039
1593252738904649795,1593252738874979250
1593252738938403298,1593252738924083783
1593252739067623454,1593252739035928645
1593252739194575900,1593252739164820135
1593252739293731442,1593252739262478553
1593252739318529290,1593252739304662004
1593252739450532259,1593252739416384542
1593252739581315698,1593252739547638801
1593252739685580853,1593252739657012400
1593252739744110338,1593252739730427007
1593252739873305822,1593252739842118043
1593252740005763617,1593252739970290630
1593252740066616715,1593252740048383992
1593252740174793829,1593252740136705539
1593252740296853193,1593252740269517645
1593252740425200546,1593252740394560306
1593252740455141095,1593252740442065168
1593252740571920474,1593252740538206047
1593252740702086806,1593252740669530785
1593252740828951770,1593252740799157971
1593252740846103893,1593252740833562919
1593252740970018599,1593252740935102903
1593252741097630569,1593252741066400353
1593252741224504117,1593252741194534458
1593252741237156258,1593252741223404065
1593252741364033979,1593252741334322176
1593252741492412251,1593252741460968635
1593252741617463975,1593252741585112178
1593252741633217796,1593252741620990006
1593252741762536611,1593252741731203233
1593252741889547018,1593252741860109662
1593252742005614027,1593252741973398994
1593252742029700253,1593252742017883050
1593252742158873550,1593252742127308813
1593252742287798960,1593252742256232828
1593252742391214434,1593252742363266873
1593252742441040614,1593252742413268128
1593252742566391103,1593252742538254218
1593252742696422456,1593252742664027526
1593252742790975026,1593252742761713888
1593252742876052420,1593252742851521799
1593252743001423501,1593252742973414007
1593252743126747977,1593252743099197308
1593252743166616871,1593252743153820209
1593252743272366336,1593252743239017244
1593252743399985576,1593252743369541331
1593252743526164947,1593252743496849545
1593252743555720398,1593252743541357499
1593252743663019311,1593252743635955567
1593252743791268482,1593252743760957478
1593252743920295247,1593252743889022818
1593252743946190598,1593252743925037746
1593252744060257792,1593252744030452484
1593252744191341455,1593252744157846794
1593252744321170658,1593252744288270903
1593252744337492456,1593252744324202540
1593252744461490600,1593252744428958673
1593252744586696009,1593252744558632612
1593252744714448597,1593252744682800144
1593252744731236639,1593252744718710579
1593252744859656098,1593252744828914540
1593252744988297756,1593252744957034277
1593252745103467297,1593252745071954938
1593252745138527140,1593252745124225324
1593252745265157370,1593252745236045272
1593252745393506496,1593252745362549271
1593252745492626379,1593252745460154600
1593252745528750163,1593252745513980608
1593252745658027660,1593252745626612347
1593252745785006283,1593252745755523205
1593252745886837787,1593252745850822243
1593252745981715351,1593252745949246057
1593252746109085801,1593252746078974605
1593252746235191740,1593252746206261112
1593252746275522274,1593252746260108019
1593252746381954712,1593252746349256587
1593252746509065779,1593252746478995843
1593252746635178318,1593252746606261029
1593252746664341960,1593252746649175222
1593252746779044519,1593252746749253982
1593252746905603363,1593252746876626187
1593252747033630106,1593252747003136537
1593252747051886135,1593252747035110381
1593252747177838235,1593252747146110290
1593252747305193333,1593252747275021596
1593252747429186114,1593252747397718567
1593252747550379657,1593252747514141503
1593252747678230268,1593252747646960182
1593252747805059024,1593252747775873558
1593252747820116206,1593252747807000811
1593252747947990220,1593252747916486072
1593252748080142888,1593252748045397297
1593252748200010578,1593252748170389204
1593252748224546875,1593252748210200930
1593252748353557830,1593252748322738402
1593252748480154694,1593252748450910875
1593252748591281622,1593252748557066127
1593252748657772253,1593252748637580154
1593252748784296145,1593252748754727647
1593252748910270911,1593252748881285475
1593252748967422826,1593252748949988749
1593252749031597227,1593252749005518195
1593252749159959912,1593252749128163888
