recv_stamp,msg_stamp
1592492544507660615,1592492544470855830
1592492544644352298,1592492544600537627
1592492544766908747,1592492544730948288
1592492544892055098,1592492544859074564
1592492545021656316,1592492544985700712
1592492545145990424,1592492545116111529
1592492545275328738,1592492545239612514
1592492545401971043,1592492545368512718
1592492545530479601,1592492545495018766
1592492545658361195,1592492545623179621
1592492545786976878,1592492545755192306
1592492545915861185,1592492545883365729
1592492546047959813,1592492546012991650
1592492546172731723,1592492546141152919
1592492546301350938,1592492546270026625
1592492546430481550,1592492546398169276
1592492546557983954,1592492546527916280
1592492546686545335,1592492546655204951
1592492546815080274,1592492546783376338
1592492546929051758,1592492546911496574
1592492547058164909,1592492547027081553
1592492547184558897,1592492547155241989
1592492547313061209,1592492547281793991
1592492547441315212,1592492547409903720
1592492547568526872,1592492547537996973
1592492547599995992,1592492547587952940
1592492547730182876,1592492547697449297
1592492547855070298,1592492547827081655
1592492547968771462,1592492547938010065
1592492548008719329,1592492547996554918
1592492548134814090,1592492548106816249
1592492548263254963,1592492548232564789
1592492548353906287,1592492548322394243
1592492548431427223,1592492548419332769
1592492548561202044,1592492548529520743
1592492548688222764,1592492548658399201
1592492548724026541,1592492548709143686
1592492548845823131,1592492548813895654
1592492548972679632,1592492548942794337
1592492549101669994,1592492549070062194
1592492549149188702,1592492549134820204
1592492549277169627,1592492549246718803
1592492549403381936,1592492549373973015
1592492549490378414,1592492549456825734
1592492549565494669,1592492549539635906
1592492549692700505,1592492549662344650
1592492549821500104,1592492549789665267
1592492549876555177,1592492549859140468
1592492549968340490,1592492549938898920
1592492550096866139,1592492550065448226
1592492550223508186,1592492550193582962
1592492550266583741,1592492550252135390
1592492550393375316,1592492550363919470
1592492550521856005,1592492550490464183
1592492550635427483,1592492550606856945
1592492550662750657,1592492550650591679
1592492550789572241,1592492550760716291
1592492550915135947,1592492550887300919
1592492551018597154,1592492550987299889
1592492551042486326,1592492551030963528
1592492551168250787,1592492551138912963
1592492551297792887,1592492551265472914
1592492551404029833,1592492551372496222
1592492551439256060,1592492551427155258
1592492551567735623,1592492551537343718
1592492551693752502,1592492551664684792
1592492551790891530,1592492551757657466
1592492551890033746,1592492551855314296
1592492551998265630,1592492551987217156
1592492552124688861,1592492552095900191
1592492552160220452,1592492552147484957
1592492552276023180,1592492552244378669
1592492552405611564,1592492552373287169
1592492552532695278,1592492552502912955
1592492552548155379,1592492552536538030
1592492552678078351,1592492552645940412
1592492552807958193,1592492552775637112
1592492552928421347,1592492552895909056
1592492552956456031,1592492552943591357
1592492553086568010,1592492553054547566
1592492553213506392,1592492553183467270
1592492553318329684,1592492553286558983
1592492553355015282,1592492553342713927
1592492553480329425,1592492553452936715
1592492553608482132,1592492553577909674
1592492553700594785,1592492553670913321
1592492553757483752,1592492553738034721
1592492553883658685,1592492553854567951
1592492554009765168,1592492553981047207
1592492554090909514,1592492554059935260
1592492554194168961,1592492554166253492
1592492554323481039,1592492554292003177
1592492554453001152,1592492554420899959
1592492554477368434,1592492554464652170
1592492554592567386,1592492554561616056
1592492554719142336,1592492554689721422
1592492554847649114,1592492554816289995
1592492554863792630,1592492554852177320
1592492554992848420,1592492554961598919
1592492555119440322,1592492555089732163
1592492555234886824,1592492555205370034
1592492555260181207,1592492555245929758
1592492555388360038,1592492555357707506
1592492555517620011,1592492555485846403
1592492555624444246,1592492555593643701
1592492555644623204,1592492555631064978
1592492555770666665,1592492555742001736
1592492555896037561,1592492555867830167
1592492556008990166,1592492555977187953
1592492556044859243,1592492556031905665
1592492556173508288,1592492556142891210
1592492556299570315,1592492556270919696
1592492556394956977,1592492556363894520
1592492556490957356,1592492556461558408
1592492556616805343,1592492556588151554
1592492556743891109,1592492556713884853
1592492556776563135,1592492556763842295
1592492556884135919,1592492556854541454
1592492557009706400,1592492556981112639
1592492557138072292,1592492557106827519
1592492557157066541,1592492557146795370
1592492557282474848,1592492557252203140
1592492557411285287,1592492557379632054
1592492557533631160,1592492557503829418
1592492557556590078,1592492557541286053
1592492557683154723,1592492557653827243
1592492557808890560,1592492557780392405
1592492557921963656,1592492557888150631
1592492557944036556,1592492557930354016
1592492558072593577,1592492558042047762
1592492558201533187,1592492558169457414
1592492558312311239,1592492558280393715
1592492558347710899,1592492558337399485
1592492558480298263,1592492558445969188
1592492558605202663,1592492558577293758
1592492558700831400,1592492558667901814
1592492558781385041,1592492558768700988
1592492558911419381,1592492558879674330
1592492559046868692,1592492559008523234
1592492559090567827,1592492559063172093
1592492559206005520,1592492559174093252
1592492559332890863,1592492559303002444
1592492559461815460,1592492559430407840
1592492559480512594,1592492559465509647
1592492559602126664,1592492559571841361
1592492559728409769,1592492559699101435
1592492559856408988,1592492559824124433
1592492559874756609,1592492559859976031
1592492560002995591,1592492559972600902
1592492560131518890,1592492560099929179
1592492560246880028,1592492560214805498
1592492560269842057,1592492560255381208
1592492560400226038,1592492560367110922
1592492560530668025,1592492560498401457
1592492560641583365,1592492560609332871
1592492560660395253,1592492560647574162
1592492560790809512,1592492560758545259
1592492560917788781,1592492560888190228
1592492561028324093,1592492560998394504
1592492561095186545,1592492561074854721
1592492561222526997,1592492561192084395
1592492561348624407,1592492561319490470
1592492561406166574,1592492561388914739
1592492561495917619,1592492561463962704
1592492561621133899,1592492561592853913
1592492561746353740,1592492561718663104
1592492561788557572,1592492561775731678
1592492561881508057,1592492561851476166
1592492562005085957,1592492561978836250
1592492562130859597,1592492562102272831
1592492562168205977,1592492562155322140
1592492562269311191,1592492562242120850
1592492562392427677,1592492562366329278
1592492562518174952,1592492562489783206
1592492562546099748,1592492562531891612
1592492562659498416,1592492562628855861
1592492562785624167,1592492562756935288
1592492562911089467,1592492562882815865
1592492562926820102,1592492562915573057
1592492563054363745,1592492563023376554
1592492563165026552,1592492563151551269
1592492563285527769,1592492563255408292
1592492563314547660,1592492563302308811
1592492563440956165,1592492563412439823
1592492563569401755,1592492563538281920
1592492563670330760,1592492563639827460
1592492563724012395,1592492563710026158
1592492563850602171,1592492563821844045
1592492563981206003,1592492563948434538
1592492564054589836,1592492564028018562
1592492564142273529,1592492564110092301
1592492564269063308,1592492564238998749
1592492564398455995,1592492564366325948
1592492564464821403,1592492564447550304
1592492564593324383,1592492564562500285
1592492564722338187,1592492564690624616
1592492564828696665,1592492564792905020
1592492564878193326,1592492564860053944
1592492565010885304,1592492564974922730
1592492565136076471,1592492565107804092
1592492565214698897,1592492565191328198
1592492565272376317,1592492565257709931
1592492565400173708,1592492565370287964
1592492565525928114,1592492565497618222
1592492565584598223,1592492565570203325
1592492565647582862,1592492565628026835
1592492565773109218,1592492565744482798
1592492565900155459,1592492565870277317
1592492565958793619,1592492565944448418
1592492566066068769,1592492566037468019
1592492566191301329,1592492566163235641
1592492566317772135,1592492566288988825
1592492566337991045,1592492566325681816
1592492566449178558,1592492566417931605
1592492566574791566,1592492566546040283
1592492566698545383,1592492566671836852
1592492566723120694,1592492566710062757
1592492566836950307,1592492566821001837
1592492566962497334,1592492566934340191
1592492567078815350,1592492567047688670
1592492567118576307,1592492567106259990
1592492567228871447,1592492567216437750
1592492567357423405,1592492567326601144
1592492567453096275,1592492567417175702
1592492567533340319,1592492567498449143
1592492567658739675,1592492567629732304
1592492567786833837,1592492567755516138
1592492567842196729,1592492567827356982
1592492567941394648,1592492567907877905
1592492568068944239,1592492568038331041
1592492568195308413,1592492568165617001
1592492568255173511,1592492568242872955
1592492568383781743,1592492568353141047
1592492568510375534,1592492568480529612
1592492568606269610,1592492568572703963
1592492568692870408,1592492568660913526
1592492568819888564,1592492568789852013
1592492568945890499,1592492568917166123
1592492568990887183,1592492568978157249
1592492569060546670,1592492569035901605
1592492569182852478,1592492569157014414
1592492569310355288,1592492569280475544
1592492569365771644,1592492569353064350
1592492569453723613,1592492569421861783
1592492569580398891,1592492569550828344
1592492569705926298,1592492569677360609
1592492569751238872,1592492569739006107
1592492569881726551,1592492569849233728
1592492570008895683,1592492569978904891
1592492570126969017,1592492570096101783
1592492570252130614,1592492570220381513
1592492570379322675,1592492570349294018
1592492570504178239,1592492570473511949
1592492570537204216,1592492570522607496
1592492570664863481,1592492570634402875
1592492570790556357,1592492570761716491
1592492570893013296,1592492570859395780
1592492570942097510,1592492570927393664
1592492571067177425,1592492571039856511
1592492571191804156,1592492571164134912
1592492571264503387,1592492571244574186
1592492571374304589,1592492571339927074
1592492571502582706,1592492571471148285
1592492571630598092,1592492571600027261
1592492571655371824,1592492571642897624
1592492571784413216,1592492571753161889
1592492571910665458,1592492571881262568
1592492572028389390,1592492571999259561
1592492572053944234,1592492572040697021
1592492572180640860,1592492572151636120
1592492572309270049,1592492572278178985
1592492572414931103,1592492572383713406
1592492572454600065,1592492572442281111
1592492572583343247,1592492572552439084
1592492572709859476,1592492572680600372
1592492572802516982,1592492572769632013
1592492572846385585,1592492572832094824
1592492572974007813,1592492572943854978
1592492573102816871,1592492573071151078
1592492573192582305,1592492573160213283
1592492573294384190,1592492573264902003
1592492573422780047,1592492573391514482
1592492573549172996,1592492573519642317
1592492573587950407,1592492573563388896
1592492573707425787,1592492573675901658
1592492573834298372,1592492573804828754
1592492573960642155,1592492573931329832
1592492573975300451,1592492573964134026
1592492574104585618,1592492574073575890
1592492574232968899,1592492574201682389
1592492574348600231,1592492574317304130
1592492574373927054,1592492574360250405
1592492574502958815,1592492574471914136
1592492574635674825,1592492574600062770
1592492574743773304,1592492574711003821
1592492574765655517,1592492574752434399
1592492574896671567,1592492574863413186
1592492575018441568,1592492574993905417
1592492575128984142,1592492575096159944
1592492575153133245,1592492575141439504
1592492575282474702,1592492575250910122
1592492575410062014,1592492575379821949
1592492575518170809,1592492575484512508
1592492575603182158,1592492575572828930
1592492575734772676,1592492575700074519
1592492575843786028,1592492575831390725
1592492575890850457,1592492575876691572
1592492575985518642,1592492575951700431
1592492576112980495,1592492576082120848
1592492576239524562,1592492576210297957
1592492576278360370,1592492576265764829
1592492576383795099,1592492576353990608
1592492576510458648,1592492576480636087
1592492576639246897,1592492576607873916
1592492576662471654,1592492576650025183
1592492576782233774,1592492576750133619
1592492576908957755,1592492576878994874
1592492577035780760,1592492577006366353
1592492577048158442,1592492577035206503
1592492577174598666,1592492577143840798
1592492577300939095,1592492577271956675
1592492577424707785,1592492577393079426
1592492577441443515,1592492577430503785
1592492577569791157,1592492577539184409
1592492577698946200,1592492577667268618
1592492577810648308,1592492577780637807
1592492577845133656,1592492577832876329
1592492577974348675,1592492577943051806
1592492578100660726,1592492578071214030
1592492578196586886,1592492578165771137
1592492578246078569,1592492578232117281
1592492578371548875,1592492578343872620
1592492578496541772,1592492578468846643
1592492578572769537,1592492578547801833
1592492578681303479,1592492578650867201
1592492578809418244,1592492578778287006
1592492578938570854,1592492578906444553
1592492578966200545,1592492578946277222
1592492579089299725,1592492579057918882
1592492579215615296,1592492579186040126
1592492579340809523,1592492579311063126
1592492579358084234,1592492579347726070
1592492579488601975,1592492579456394492
1592492579615287997,1592492579585294413
1592492579725098774,1592492579696249108
1592492579758063564,1592492579747898498
1592492579890196174,1592492579855662834
1592492580019621482,1592492579986876616
1592492580114811638,1592492580082907189
1592492580156154504,1592492580139218355
1592492580284804027,1592492580254025888
1592492580410888379,1592492580382153588
1592492580505150929,1592492580473552556
1592492580592183580,1592492580564966960
1592492580719879495,1592492580689232129
1592492580849008541,1592492580817312535
1592492580887576738,1592492580875883196
1592492580993063395,1592492580961908435
1592492581119468125,1592492581089989827
1592492581248800378,1592492581216585441
1592492581272664353,1592492581260306570
1592492581393768811,1592492581361890030
1592492581523332043,1592492581490856422
1592492581652877446,1592492581620521578
1592492581665440117,1592492581650577903
1592492581793891286,1592492581763490175
1592492581922668784,1592492581890842791
1592492582045605414,1592492582011900884
1592492582172561319,1592492582140847814
1592492582299646984,1592492582269792846
1592492582420354501,1592492582390879798
1592492582445747216,1592492582431398444
1592492582573428488,1592492582543163876
1592492582703506138,1592492582670532962
1592492582810808621,1592492582779912157
1592492582845651930,1592492582832878691
1592492582974691097,1592492582943907758
1592492583100995938,1592492583072032481
1592492583199497562,1592492583167372862
1592492583287054864,1592492583260327367
1592492583414763413,1592492583383805519
1592492583543822001,1592492583511865587
1592492583584997082,1592492583569755954
1592492583698920845,1592492583665860667
1592492583826287546,1592492583796256726
1592492583935999518,1592492583923683049
1592492583950907049,1592492583942471425
1592492584072054258,1592492584043156119
1592492584199917405,1592492584169795227
1592492584325279649,1592492584294809116
1592492584341078672,1592492584329819733
1592492584472300133,1592492584439308567
1592492584599909886,1592492584569793099
1592492584714274470,1592492584682284072
1592492584728850244,1592492584716618383
1592492584859322768,1592492584826779792
1592492584983417962,1592492584956457641
1592492585100297314,1592492585068180000
1592492585141520036,1592492585129131057
1592492585270536366,1592492585239269911
1592492585396693775,1592492585367394788
1592492585480048690,1592492585454842901
1592492585588892553,1592492585555722807
1592492585716322922,1592492585686161859
1592492585842179490,1592492585813492858
1592492585864778023,1592492585852480322
1592492585985488926,1592492585954094945
1592492586113644200,1592492586082296022
1592492586240669994,1592492586210432377
1592492586255573663,1592492586243901652
1592492586389710237,1592492586353445252
1592492586516262908,1592492586486176950
1592492586631180469,1592492586600221747
1592492586660111505,1592492586647882972
1592492586786846177,1592492586758008305
1592492586914935030,1592492586884646075
1592492587018473637,1592492586985434103
1592492587051956790,1592492587037754335
1592492587179837824,1592492587149495494
1592492587308666822,1592492587276843814
1592492587396761144,1592492587376003531
1592492587454206805,1592492587431519213
1592492587581682119,1592492587551846758
1592492587707517576,1592492587679155047
1592492587794462365,1592492587761194692
1592492587899297331,1592492587866644979
1592492588026609556,1592492587996379140
1592492588155140666,1592492588124511715
1592492588183496948,1592492588168926355
1592492588301074250,1592492588270558124
1592492588426789509,1592492588397889982
1592492588555747913,1592492588524513502
1592492588569648449,1592492588556513592
1592492588698972748,1592492588665870405
1592492588826387364,1592492588796356802
1592492588946810251,1592492588917442091
1592492588969639039,1592492588957993153
1592492589098514573,1592492589067486341
1592492589228279094,1592492589196396684
1592492589337788682,1592492589304166738
1592492589355199947,1592492589340881577
1592492589484047221,1592492589452650563
1592492589610376021,1592492589580793388
1592492589725069805,1592492589693998575
1592492589752960585,1592492589740887888
1592492589880616271,1592492589851031693
1592492590011619102,1592492589977654296
1592492590114136261,1592492590082346633
1592492590201755379,1592492590167502865
1592492590327219521,1592492590298704430
1592492590454946179,1592492590424538073
1592492590508151674,1592492590487773432
1592492590604876076,1592492590574540149
1592492590730918742,1592492590701898833
1592492590859420563,1592492590828446345
1592492590894110190,1592492590879193955
1592492591000773749,1592492590971421220
1592492591129143944,1592492591097905764
1592492591255573420,1592492591226050950
1592492591280171178,1592492591265143383
1592492591395035934,1592492591368981600
1592492591521533220,1592492591491689472
1592492591650893826,1592492591619007716
1592492591663015765,1592492591648488579
1592492591759762713,1592492591747164536
1592492591889358520,1592492591858087781
1592492592015817487,1592492591986275072
1592492592029810277,1592492592018972100
1592492592154353691,1592492592122936483
1592492592278263493,1592492592251041887
1592492592401865924,1592492592372173558
1592492592419466484,1592492592408864771
1592492592549724114,1592492592517537199
1592492592679658910,1592492592647238317
1592492592791018412,1592492592759690672
1592492592826622183,1592492592814318947
1592492592952642597,1592492592924519616
1592492593080914423,1592492593050285008
1592492593178914436,1592492593144925414
1592492593264257594,1592492593231554544
1592492593388353630,1592492593361251482
1592492593516010804,1592492593485463467
1592492593564016353,1592492593551776968
1592492593693868920,1592492593662017162
1592492593821165270,1592492593790914816
1592492593937411287,1592492593908106140
1592492593961683590,1592492593949462307
1592492594090767575,1592492594059693148
1592492594212453896,1592492594187878053
1592492594320642560,1592492594288601259
1592492594373603076,1592492594347172595
1592492594498376537,1592492594471440554
1592492594626125397,1592492594595671627
1592492594717497491,1592492594686271838
1592492594754136486,1592492594740091167
1592492594881653395,1592492594851895209
1592492595010125412,1592492594978447733
1592492595088192546,1592492595074594155
1592492595186803993,1592492595152719219
1592492595314604580,1592492595283916931
1592492595443394386,1592492595411316170
1592492595480123558,1592492595465217048
1592492595596790074,1592492595562895369
1592492595724589547,1592492595693356855
1592492595853514863,1592492595821476661
1592492595869809628,1592492595857378442
1592492595988227812,1592492595955879763
1592492596115676000,1592492596085550121
1592492596244234952,1592492596212909643
1592492596258733296,1592492596246355517
1592492596391367293,1592492596356639039
1592492596519359233,1592492596487917023
1592492596640786628,1592492596608158114
1592492596661665841,1592492596648809591
1592492596786974620,1592492596758144044
1592492596912726136,1592492596884721687
1592492597025504906,1592492596993293788
1592492597051546489,1592492597039343217
1592492597177598493,1592492597149575008
1592492597307955072,1592492597275398939
1592492597413573688,1592492597380887520
1592492597455584486,1592492597439418905
1592492597581930689,1592492597552726973
1592492597710724206,1592492597679297962
1592492597802604032,1592492597771427687
1592492597898196178,1592492597865974016
1592492598025820091,1592492597994858694
1592492598151868444,1592492598122987359
1592492598188900886,1592492598176166795
1592492598300190032,1592492598268341192
1592492598429914431,1592492598397289957
1592492598560182351,1592492598527775922
1592492598582468089,1592492598568353662
1592492598706066612,1592492598674635971
1592492598835261162,1592492598803550823
1592492598967457831,1592492598931721468
1592492598982796010,1592492598969055325
1592492599113233126,1592492599080909547
1592492599240303087,1592492599210587128
1592492599355890311,1592492599326197318
1592492599480675924,1592492599451163981
1592492599611709163,1592492599577790255
1592492599734032812,1592492599701941480
1592492599749718082,1592492599737873475
1592492599879024128,1592492599847307900
1592492600005943487,1592492599976168991
1592492600120897716,1592492600088724415
1592492600178317846,1592492600161322104
1592492600305497508,1592492600275441615
1592492600435277871,1592492600402825102
1592492600497977975,1592492600481637707
1592492600575037655,1592492600544148058
1592492600704016290,1592492600672358175
1592492600830799593,1592492600801180859
1592492600888861908,1592492600871500170
1592492600987596387,1592492600958990515
1592492601112703420,1592492601084804555
1592492601238218312,1592492601210607742
1592492601268021187,1592492601255104013
1592492601381684391,1592492601351933506
1592492601510614239,1592492601479319980
1592492601620061457,1592492601607485655
1592492601632988611,1592492601624719687
1592492601754689557,1592492601723915477
1592492601879872335,1592492601851961003
1592492601985085368,1592492601976231173
1592492601994831308,1592492601986463624
1592492602124053742,1592492602092647617
1592492602253793389,1592492602221558280
1592492602370898584,1592492602340312358
1592492602402110046,1592492602387828045
1592492602530219491,1592492602499688402
1592492602657287489,1592492602626949897
1592492602759035169,1592492602726972110
1592492602838536297,1592492602806715491
1592492602965513097,1592492602935624462
1592492603094165662,1592492603062907831
1592492603157702494,1592492603133247310
1592492603284361345,1592492603252827572
1592492603411749223,1592492603381722245
1592492603534491164,1592492603502894742
1592492603580387465,1592492603565988870
1592492603709165720,1592492603677827668
1592492603835653383,1592492603805905927
1592492603923324455,1592492603890303581
1592492603985247686,1592492603968434130
1592492604114088148,1592492604082546539
1592492604240961277,1592492604211417331
1592492604299719528,1592492604282497034
1592492604350982131,1592492604338773221
1592492604480421291,1592492604448897131
1592492604606895611,1592492604577809805
1592492604667422239,1592492604655124142
1592492604768842050,1592492604737164606
1592492604895705312,1592492604866060189
1592492605024147475,1592492604992682315
1592492605055898262,1592492605041007597
1592492605169275421,1592492605137913938
1592492605296331313,1592492605266050956
1592492605422294423,1592492605393424501
1592492605438148345,1592492605427820835
1592492605559276786,1592492605527865347
1592492605685981881,1592492605656766524
1592492605814649676,1592492605783318805
1592492605846094370,1592492605831757752
1592492605975610778,1592492605943478713
1592492606105405696,1592492606073147873
1592492606209455151,1592492606175504818
1592492606254649291,1592492606240331850
1592492606381803893,1592492606351995921
1592492606510001160,1592492606479428086
1592492606599245058,1592492606565316743
1592492606660579641,1592492606643408207
1592492606789382181,1592492606758330329
1592492606918716816,1592492606886464691
1592492606982517975,1592492606961434013
1592492607073802196,1592492607041924431
1592492607193566606,1592492607170799883
1592492607323818173,1592492607291902488
1592492607370890131,1592492607350477413
1592492607496688302,1592492607466872980
1592492607625611210,1592492607594293956
1592492607746356048,1592492607715299270
1592492607764353179,1592492607753629639
1592492607894810396,1592492607862255661
1592492608024562372,1592492607991859848
1592492608136145477,1592492608104366835
1592492608159319667,1592492608147394350
1592492608289058283,1592492608257564734
1592492608419471438,1592492608386479144
1592492608526539040,1592492608495820347
1592492608559643594,1592492608548911456
1592492608686079997,1592492608656805778
1592492608814627013,1592492608783399335
1592492608911118683,1592492608879450980
1592492608989042338,1592492608967682530
1592492609113222149,1592492609085650926
1592492609241264634,1592492609210658169
1592492609284379397,1592492609271629877
1592492609384218267,1592492609352901278
1592492609510723433,1592492609480962890
1592492609639069431,1592492609607588357
1592492609673244521,1592492609658341104
1592492609780070542,1592492609749832929
1592492609906168727,1592492609877061036
1592492610034656808,1592492610003683527
1592492610059285525,1592492610044977908
1592492610183892656,1592492610152064198
1592492610310751113,1592492610280970529
1592492610435418976,1592492610404472161
1592492610448831014,1592492610436427084
1592492610576719966,1592492610546609998
1592492610704833413,1592492610673947836
1592492610821087443,1592492610791146266
1592492610848691348,1592492610834827332
1592492610975970409,1592492610946664236
1592492611104232291,1592492611073182534
1592492611209243238,1592492611177076202
1592492611257449498,1592492611236470283
1592492611386637751,1592492611355217556
1592492611512649998,1592492611482587923
1592492611606847125,1592492611572453748
1592492611704800393,1592492611673958090
1592492611831131170,1592492611802082839
1592492611960383972,1592492611927893147
1592492611996086634,1592492611980232395
1592492612109262913,1592492612077916943
1592492612235783180,1592492612205996088
1592492612363443278,1592492612332635279
1592492612378044559,1592492612368566192
1592492612505519497,1592492612473960954
1592492612632039100,1592492612602897677
1592492612757642624,1592492612723968908
1592492612771495734,1592492612757537539
1592492612900045515,1592492612869346366
1592492613026381227,1592492612997479957
1592492613145150341,1592492613113032246
1592492613268757147,1592492613236534302
1592492613399537239,1592492613365446483
1592492613526316144,1592492613495092876
1592492613541666262,1592492613530223583
1592492613672590461,1592492613639677729
1592492613800040929,1592492613769352541
1592492613914862176,1592492613883418322
1592492613987359548,1592492613963866638
1592492614112807903,1592492614084163261
1592492614240145605,1592492614209905163
1592492614292647090,1592492614277824610
1592492614383881264,1592492614352147791
1592492614510790762,1592492614481021766
1592492614639140955,1592492614607644497
1592492614683940591,1592492614666893816
1592492614793144988,1592492614760808820
1592492614923136201,1592492614890452008
1592492615050189402,1592492615020122517
1592492615074292508,1592492615059880415
1592492615195456617,1592492615163921764
1592492615324194740,1592492615292834254
1592492615454408245,1592492615421730074
1592492615467048505,1592492615451899983
1592492615594380303,1592492615562305613
1592492615720783802,1592492615691207750
1592492615844383486,1592492615812352054
1592492615863428600,1592492615850587403
1592492615993871853,1592492615961573610
1592492616121508045,1592492616091190731
1592492616232228007,1592492616202128055
1592492616257192268,1592492616245040796
1592492616382993612,1592492616355264513
1592492616508041891,1592492616480257303
1592492616615858166,1592492616582654442
1592492616648804194,1592492616636458375
1592492616777234816,1592492616746687699
1592492616903514158,1592492616874819539
1592492617000082593,1592492616970097526
1592492617084365954,1592492617059915536
1592492617194146251,1592492617181052836
1592492617330650819,1592492617291993726
1592492617386494316,1592492617355346084
1592492617489650174,1592492617457675457
1592492617620262385,1592492617586591615
1592492617748078280,1592492617717868978
1592492617777298217,1592492617764695512
1592492617899400407,1592492617867001001
1592492618026918235,1592492617996765199
1592492618155722927,1592492618124035606
1592492618170582061,1592492618158436105
1592492618300690432,1592492618268630215
1592492618432105814,1592492618397534697
1592492618546864052,1592492618516314391
1592492618578093831,1592492618563874204
1592492618706125286,1592492618675663929
1592492618835949438,1592492618802946925
1592492618939509925,1592492618906077268
1592492618960062783,1592492618947506334
1592492619090465953,1592492619057653196
1592492619217615308,1592492619187314259
1592492619327606172,1592492619296762014
1592492619395895885,1592492619376362205
1592492619521062368,1592492619492820986
1592492619647787022,1592492619617872332
1592492619697703131,1592492619686540128
1592492619788130490,1592492619754581660
1592492619915806935,1592492619884992136
1592492620046287840,1592492620013154577
1592492620093069680,1592492620077874719
1592492620191239881,1592492620159227150
1592492620314836445,1592492620288116478
1592492620440842587,1592492620412329631
1592492620475816058,1592492620461597563
1592492620581760832,1592492620551470007
1592492620708081172,1592492620678828700
1592492620833802973,1592492620805327997
1592492620857241608,1592492620845097433
1592492620972807604,1592492620942846316
1592492621101029458,1592492621070169132
1592492621227332778,1592492621198350885
1592492621241103577,1592492621228757659
1592492621368949137,1592492621335879297
1592492621496051865,1592492621465542651
1592492621620615122,1592492621588155038
1592492621643323314,1592492621631831731
1592492621776634803,1592492621741327294
1592492621902395964,1592492621873353217
1592492622008062126,1592492621978856106
1592492622048108422,1592492622035787287
1592492622176198768,1592492622145957142
1592492622305113460,1592492622273362402
1592492622398953814,1592492622364803022
1592492622474488288,1592492622442029458
1592492622601865055,1592492622571835830
1592492622730413682,1592492622699091504
1592492622798999841,1592492622774036458
1592492622906789668,1592492622881103950
1592492623042399463,1592492623003871028
1592492623167084931,1592492623137435396
1592492623182133628,1592492623170196274
1592492623306329767,1592492623275687587
1592492623437372280,1592492623403847373
1592492623561754934,1592492623531146478
1592492623580926140,1592492623568657567
1592492623710366583,1592492623678880930
1592492623837280773,1592492623807785646
1592492623950498525,1592492623917059484
1592492624074678821,1592492624047556594
1592492624199352793,1592492624171813226
1592492624321506805,1592492624288935068
1592492624335603310,1592492624323277065
1592492624446380699,1592492624433539816
1592492624559988289,1592492624544459909
1592492624676633109,1592492624645994232
1592492624733864289,1592492624717029175
1592492624861354573,1592492624831152394
1592492624990090489,1592492624958554776
1592492625051497612,1592492625036656730
1592492625119451027,1592492625106901839
1592492625247024759,1592492625217097648
1592492625375601412,1592492625344497209
1592492625432995552,1592492625406866458
1592492625548634627,1592492625514778578
1592492625676444746,1592492625646007058
1592492625804534333,1592492625773409680
1592492625857139070,1592492625836649005
1592492625985007612,1592492625953895820
1592492626111891700,1592492626081913527
1592492626198274947,1592492626173325828
1592492626259542497,1592492626234300660
1592492626386893607,1592492626356948061
1592492626515671097,1592492626484307607
1592492626587070109,1592492626567107769
1592492626676936920,1592492626652238054
1592492626805023322,1592492626774151222
1592492626931441175,1592492626902330784
1592492626967848294,1592492626952994439
1592492627063643050,1592492627031180465
1592492627190954963,1592492627160950191
1592492627318714770,1592492627288217047
1592492627352535510,1592492627343606380
1592492627480811112,1592492627450806763
1592492627607941349,1592492627578033014
1592492627729208203,1592492627696874795
1592492627745863707,1592492627734293223
1592492627874731032,1592492627843783509
1592492628001873139,1592492627971843440
1592492628116186717,1592492628084343084
1592492628147242714,1592492628135051175
1592492628273138913,1592492628245263272
1592492628398144098,1592492628370245631
1592492628499982504,1592492628466367538
1592492628541011229,1592492628528878527
1592492628669964942,1592492628639005880
1592492628796960456,1592492628767153224
1592492628889232795,1592492628855419673
1592492628995576081,1592492628964004694
1592492629125212300,1592492629092964043
1592492629252241479,1592492629222618173
1592492629276070008,1592492629263956190
1592492629395627556,1592492629364000697
1592492629522264383,1592492629492925603
1592492629651155295,1592492629619500840
1592492629668863001,1592492629657805112
1592492629797012818,1592492629767191724
1592492629930192045,1592492629894550961
1592492630041279273,1592492630010893670
1592492630071267455,1592492630056938417
1592492630199768486,1592492630168826264
1592492630326373694,1592492630296911073
1592492630432118956,1592492630397678549
1592492630454876747,1592492630439855826
1592492630583991185,1592492630552371240
1592492630710972368,1592492630681237591
1592492630820730332,1592492630789909404
1592492630855045287,1592492630842881118
1592492630984482247,1592492630953129263
1592492631111705458,1592492631081213079
1592492631207621668,1592492631176536303
1592492631300542079,1592492631268736525
1592492631429318335,1592492631397693382
1592492631556228351,1592492631526603595
1592492631596813197,1592492631581957930
1592492631700163903,1592492631671074912
1592492631830306148,1592492631797697978
1592492631962038749,1592492631928124112
1592492631988724513,1592492631974218709
1592492632103655664,1592492632071081247
1592492632231446032,1592492632200881776
1592492632360682124,1592492632328871491
1592492632377242498,1592492632365584241
1592492632504241527,1592492632472704656
1592492632633925935,1592492632601618804
1592492632756045463,1592492632725840517
1592492632875666336,1592492632845372817
1592492633001687473,1592492632972716052
1592492633129729059,1592492633098504012
1592492633256290762,1592492633226624568
1592492633382273201,1592492633353117507
1592492633497818679,1592492633471897186
1592492633513569847,1592492633505566100
1592492633644127096,1592492633611804654
1592492633771353869,1592492633741473471
1592492633881656903,1592492633851636203
1592492633948279605,1592492633927376479
1592492634073282313,1592492634045341836
1592492634198207629,1592492634170342387
1592492634251831968,1592492634239112427
1592492634353069683,1592492634325014027
1592492634483415052,1592492634450904678
1592492634614343040,1592492634580545148
1592492634645016237,1592492634630520172
1592492634774690419,1592492634742990256
1592492634902321749,1592492634871893626
1592492635023426146,1592492634989919130
1592492635058295970,1592492635043784192
1592492635185807694,1592492635155555070
1592492635313917686,1592492635282924845
1592492635415837472,1592492635380559706
1592492635469174097,1592492635448411224
1592492635591422028,1592492635566415463
1592492635716163203,1592492635688299153
1592492635793816893,1592492635770356347
1592492635858817261,1592492635836722061
1592492635979598719,1592492635956293686
1592492636106350274,1592492636077440431
1592492636164430479,1592492636149977945
1592492636278054277,1592492636246136035
1592492636388034367,1592492636375037443
1592492636516482436,1592492636485978982
1592492636533756698,1592492636521150355
1592492636637687192,1592492636625045015
1592492636768180902,1592492636735983199
1592492636892326626,1592492636863317342
1592492636905953841,1592492636894526058
1592492637036817417,1592492637003952760
1592492637164524559,1592492637133733432
1592492637280451531,1592492637250057651
1592492637316812975,1592492637302427310
1592492637447641945,1592492637414125096
1592492637577729298,1592492637545425093
1592492637674247176,1592492637643024610
1592492637757996964,1592492637725904363
1592492637885076582,1592492637854818033
1592492638012816459,1592492637982099967
1592492638072031590,1592492638059456024
1592492638199906465,1592492638168881421
1592492638329689147,1592492638297811886
1592492638440648983,1592492638408721187
1592492638476271183,1592492638463393555
1592492638605349988,1592492638574299280
1592492638735230078,1592492638702472858
1592492638829954511,1592492638799346019
1592492638873071449,1592492638858700385
1592492639000129933,1592492638970440717
1592492639131261270,1592492639096948072
1592492639223453719,1592492639189156132
1592492639261430541,1592492639246851154
1592492639390135450,1592492639358729708
1592492639521399064,1592492639487635792
1592492639614481222,1592492639584553668
1592492639706465405,1592492639678286265
1592492639833937727,1592492639803224840
1592492639964644123,1592492639931395942
1592492640005582543,1592492639989141751
1592492640109158147,1592492640078218281
1592492640233185983,1592492640206388652
1592492640363534024,1592492640330620261
1592492640393110209,1592492640378233815
1592492640505863363,1592492640475900563
1592492640634532930,1592492640603231447
1592492640761204713,1592492640731400828
1592492640776719494,1592492640764882803
1592492640897469075,1592492640864171434
1592492641025261626,1592492640994688316
1592492641158128291,1592492641121978153
1592492641172414531,1592492641157854483
1592492641288538047,1592492641255627195
1592492641415764645,1592492641385319501
1592492641542986283,1592492641512617610
1592492641557291527,1592492641546918685
1592492641684164355,1592492641652507810
1592492641813806071,1592492641781420517
1592492641936551459,1592492641906419874
1592492641957174188,1592492641943868898
1592492642085662946,1592492642054871436
1592492642214765547,1592492642182908597
1592492642325816632,1592492642294705396
1592492642354289652,1592492642339878263
1592492642481365288,1592492642451739188
1592492642609941186,1592492642578347714
1592492642715676148,1592492642682918416
1592492642755301321,1592492642740691828
1592492642863075523,1592492642852484393
1592492642991734986,1592492642961081417
1592492643066851828,1592492643054030044
1592492643166984317,1592492643132915037
1592492643294753023,1592492643263469505
1592492643421821190,1592492643391612776
1592492643470012066,1592492643443117250
1592492643579822882,1592492643546992254
1592492643706375509,1592492643676785350
1592492643834613103,1592492643803313752
1592492643854903786,1592492643843866379
1592492643976056871,1592492643944713147
1592492644102435731,1592492644072841238
1592492644230420095,1592492644199414122
1592492644262880949,1592492644248587263
1592492644390703170,1592492644360366908
1592492644515996527,1592492644487698603
1592492644619820710,1592492644585368830
1592492644664893791,1592492644649350825
1592492644794284471,1592492644762700705
1592492644922564426,1592492644891608114
1592492645015074649,1592492644981412565
1592492645057799049,1592492645043126458
1592492645188446309,1592492645155674046
1592492645315731277,1592492645285364713
1592492645405610265,1592492645374433944
1592492645482286045,1592492645448649282
1592492645607157060,1592492645579060712
1592492645735445627,1592492645704910523
1592492645796167465,1592492645779013298
